id,inventor,title,uspc,application_number,patent_number,application_date,image_url,patent_url,pages,scan_date,large_category,notes,application_year,display_title
1,"Meilland, Alain A.",Miniature rose plant named Meimagul,PLT/116,08/161468,PP09000,12/6/1994,http://www.lib.umd.edu/plantpatents/binaries/09000/pp09000.pdf,http://patft.uspto.gov/netacgi/nph-Parser?patentnumber=PP9000,1,2014-10-23T15:59:40Z,rose,,1994,PP09000 -- Miniature rose plant named Meimagul
2,"Meilland, Alain A.",Hybrid Tea rose plant named Meinivoz,PLT/130,08/151972,PP09001,12/6/1994,http://www.lib.umd.edu/plantpatents/binaries/09000/pp09001.pdf,http://patft.uspto.gov/netacgi/nph-Parser?patentnumber=PP9001,1,2014-10-23T16:01:12Z,rose,,1994,PP09001 -- Hybrid Tea rose plant named Meinivoz
3,"Zaiger, Chris F. et al.","Peach tree ""Earlirich""",PLT/197,08/193544,PP09002,12/6/1994,http://www.lib.umd.edu/plantpatents/binaries/09000/pp09002.pdf,http://patft.uspto.gov/netacgi/nph-Parser?patentnumber=PP9002,1,2014-10-23T15:09:54Z,peach,,1994,"PP09002 -- Peach tree ""Earlirich"""
4,"Stravers, Lambertus J. M.",Gerbera jamesonii plant named Terhelena,PLT/357,08/172261,PP09003,12/6/1994,http://www.lib.umd.edu/plantpatents/binaries/09000/pp09003.pdf,http://patft.uspto.gov/netacgi/nph-Parser?patentnumber=PP9003,1,2014-10-23T16:02:20Z,gerbera jamesonii,,1994,PP09003 -- Gerbera jamesonii plant named Terhelena
5,"Stravers, Lambertus J. M.",Gerbera jamesonii plant named Terozet,PLT/357,08/172263,PP09004,12/6/1994,http://www.lib.umd.edu/plantpatents/binaries/09000/pp09004.pdf,http://patft.uspto.gov/netacgi/nph-Parser?patentnumber=PP9004,1,2014-10-23T16:03:16Z,gerbera jamesonii,,1994,PP09004 -- Gerbera jamesonii plant named Terozet
6,"Chang, Min H.",Mango tree FP1,PLT/159,07/913797,PP09005,12/6/1994,http://www.lib.umd.edu/plantpatents/binaries/09000/pp09005.pdf,http://patft.uspto.gov/netacgi/nph-Parser?patentnumber=PP9005,2,2014-10-23T16:06:20Z,mango,,1994,PP09005 -- Mango tree FP1
7,"Bloom, Alan H. V.",Geranium sanguineum 'Alan Bloom',PLT/324,08/145609,PP09006,12/6/1994,http://www.lib.umd.edu/plantpatents/binaries/09000/pp09006.pdf,http://patft.uspto.gov/netacgi/nph-Parser?patentnumber=PP9006,2,2014-10-23T16:07:44Z,geranium,,1994,PP09006 -- Geranium sanguineum 'Alan Bloom'
8,"Austin, David C. H.",Shrub rose plant named Auscomp,PLT/104,08/181987,PP09007,12/13/1994,http://www.lib.umd.edu/plantpatents/binaries/09000/pp09007.pdf,http://patft.uspto.gov/netacgi/nph-Parser?patentnumber=PP9007,1,2014-10-23T16:17:36Z,rose,,1994,PP09007 -- Shrub rose plant named Auscomp
9,"Austin, David C. H.",Shrub rose plant named Auspoly,PLT/104,08/182783,PP09008,12/13/1994,http://www.lib.umd.edu/plantpatents/binaries/09000/pp09008.pdf,http://patft.uspto.gov/netacgi/nph-Parser?patentnumber=PP9008,1,2014-10-23T16:18:26Z,rose,,1994,PP09008 -- Shrub rose plant named Auspoly
10,"Austin, David C. H.",Shrub rose plant named Ausdir,PLT/108,08/182788,PP09009,12/13/1994,http://www.lib.umd.edu/plantpatents/binaries/09000/pp09009.pdf,http://patft.uspto.gov/netacgi/nph-Parser?patentnumber=PP9009,1,2014-10-23T16:19:34Z,rose,,1994,PP09009 -- Shrub rose plant named Ausdir
11,"Austin, David C. H.",Shrub rose plant named Auswith,PLT/107,08/183276,PP09010,12/13/1994,http://www.lib.umd.edu/plantpatents/binaries/09000/pp09010.pdf,http://patft.uspto.gov/netacgi/nph-Parser?patentnumber=PP9010,1,2014-10-23T16:20:22Z,rose,,1994,PP09010 -- Shrub rose plant named Auswith
12,"Kordes, Wilhelm",Shrub rose plant named Korsaku,PLT/107,08/201238,PP09011,12/13/1994,http://www.lib.umd.edu/plantpatents/binaries/09000/pp09011.pdf,http://patft.uspto.gov/netacgi/nph-Parser?patentnumber=PP9011,1,2014-10-23T16:21:14Z,rose,,1994,PP09011 -- Shrub rose plant named Korsaku
13,"Warner, Christopher H.",Climbing miniature rose plant named Chewarvel,PLT/111,08/202512,PP09012,12/13/1994,http://www.lib.umd.edu/plantpatents/binaries/09000/pp09012.pdf,http://patft.uspto.gov/netacgi/nph-Parser?patentnumber=PP9012,1,2014-10-23T16:23:28Z,rose,,1994,PP09012 -- Climbing miniature rose plant named Chewarvel
14,"Warner, Christopher H.",Climbing miniature rose plant named Chewallop,PLT/112,08/201237,PP09013,12/13/1994,http://www.lib.umd.edu/plantpatents/binaries/09000/pp09013.pdf,http://patft.uspto.gov/netacgi/nph-Parser?patentnumber=PP9013,1,2014-10-23T16:24:14Z,rose,,1994,PP09013 -- Climbing miniature rose plant named Chewallop
15,"Tachibana, Ryuichi et al.",Verbena plant--'Sunmaref TP-P',PLT/308,08/226115,PP09014,12/13/1994,http://www.lib.umd.edu/plantpatents/binaries/09000/pp09014.pdf,http://patft.uspto.gov/netacgi/nph-Parser?patentnumber=PP9014,4,2014-10-23T16:26:02Z,verbena,,1994,PP09014 -- Verbena plant--'Sunmaref TP-P'
16,"Zary, Keith W.",Miniature rose plant named Jacpoy,PLT/123,08/209455,PP09015,12/20/1994,http://www.lib.umd.edu/plantpatents/binaries/09000/pp09015.pdf,http://patft.uspto.gov/netacgi/nph-Parser?patentnumber=PP9015,1,2014-10-23T16:26:52Z,rose,,1994,PP09015 -- Miniature rose plant named Jacpoy
17,"Olesen, Mogens N. et al.",Miniature rose plant named POULstar,PLT/117,08/209869,PP09016,12/20/1994,http://www.lib.umd.edu/plantpatents/binaries/09000/pp09016.pdf,http://patft.uspto.gov/netacgi/nph-Parser?patentnumber=PP9016,1,2014-10-23T16:28:26Z,rose,,1994,PP09016 -- Miniature rose plant named POULstar
18,"Olesen, Mogens N. et al.",Miniature rose plant named POULming,PLT/121,08/209867,PP09017,12/20/1994,http://www.lib.umd.edu/plantpatents/binaries/09000/pp09017.pdf,http://patft.uspto.gov/netacgi/nph-Parser?patentnumber=PP9017,1,2014-10-23T16:28:56Z,rose,,1994,PP09017 -- Miniature rose plant named POULming
19,"Olesen, Mogens N. et al.",Miniature rose plant named Pouloral,PLT/120,08/209844,PP09018,12/20/1994,http://www.lib.umd.edu/plantpatents/binaries/09000/pp09018.pdf,http://patft.uspto.gov/netacgi/nph-Parser?patentnumber=PP9018,1,2014-10-23T16:49:26Z,rose,,1994,PP09018 -- Miniature rose plant named Pouloral
20,"Perrino, Frank","Tulbaghia plant named ""Pertaylor""",PLT/263.1,08/157639,PP09019,12/20/1994,http://www.lib.umd.edu/plantpatents/binaries/09000/pp09019.pdf,http://patft.uspto.gov/netacgi/nph-Parser?patentnumber=PP9019,2,2014-10-23T16:43:52Z,tulbaghia,,1994,"PP09019 -- Tulbaghia plant named ""Pertaylor"""
21,"VandenBerg, Cornelis P.",Chrysanthemum plant named Julia,PLT/295,08/169188,PP09020,12/20/1994,http://www.lib.umd.edu/plantpatents/binaries/09000/pp09020.pdf,http://patft.uspto.gov/netacgi/nph-Parser?patentnumber=PP9020,3,2014-10-23T16:46:34Z,chrysanthemum,"One color, one black&white",1994,PP09020 -- Chrysanthemum plant named Julia
22,"Olesen, Morgens N. et al.",Miniature rose plant named Poultre,PLT/121,08/209845,PP09021,12/27/1994,http://www.lib.umd.edu/plantpatents/binaries/09000/pp09021.pdf,http://patft.uspto.gov/netacgi/nph-Parser?patentnumber=PP9021,1,2014-10-23T16:50:02Z,rose,,1994,PP09021 -- Miniature rose plant named Poultre
23,"Wuhl, Eric",Primetime plum tree,PLT/184,08/174802,PP09022,12/27/1994,http://www.lib.umd.edu/plantpatents/binaries/09000/pp09022.pdf,http://patft.uspto.gov/netacgi/nph-Parser?patentnumber=PP9022,1,2014-10-23T16:53:16Z,plum,,1994,PP09022 -- Primetime plum tree
24,"Hoff, Petrus M. M.",Variety of Lilium named Marlene,PLT/314,08/177196,PP09023,12/27/1994,http://www.lib.umd.edu/plantpatents/binaries/09000/pp09023.pdf,http://patft.uspto.gov/netacgi/nph-Parser?patentnumber=PP9023,1,2014-10-23T16:54:26Z,lilium,,1994,PP09023 -- Variety of Lilium named Marlene
25,"Mantel, Homme",Lilium Blazing Dwarf,PLT/314,08/238029,PP09024,12/27/1994,http://www.lib.umd.edu/plantpatents/binaries/09000/pp09024.pdf,http://patft.uspto.gov/netacgi/nph-Parser?patentnumber=PP9024,1,2014-10-23T16:55:08Z,lilium,,1994,PP09024 -- Lilium Blazing Dwarf
26,"McRae, Judith F.",Lilium 'Pink Peony',PLT/314,08/238030,PP09025,12/27/1994,http://www.lib.umd.edu/plantpatents/binaries/09000/pp09025.pdf,http://patft.uspto.gov/netacgi/nph-Parser?patentnumber=PP9025,1,2014-10-23T16:55:46Z,lilium,,1994,PP09025 -- Lilium 'Pink Peony'
27,"VandenBerg, Cornelis P.",Chrysanthemum plant named Kimberly,PLT/297,08/169189,PP09026,1/3/1995,http://www.lib.umd.edu/plantpatents/binaries/09000/pp09026.pdf,http://patft.uspto.gov/netacgi/nph-Parser?patentnumber=PP9026,3,2014-10-23T16:57:16Z,chrysanthemum,"One color, one black&white",1995,PP09026 -- Chrysanthemum plant named Kimberly
28,"Hoff, Petrus M. M.",Variety of Lilium named Zsazsa,PLT/314,08/177194,PP09027,1/3/1995,http://www.lib.umd.edu/plantpatents/binaries/09000/pp09027.pdf,http://patft.uspto.gov/netacgi/nph-Parser?patentnumber=PP9027,1,2014-10-23T16:57:48Z,lilium,,1995,PP09027 -- Variety of Lilium named Zsazsa
29,"Hoff, Petrus M. M.",Variety of Lilium named Fur Elise,PLT/314,08/177195,PP09028,1/3/1995,http://www.lib.umd.edu/plantpatents/binaries/09000/pp09028.pdf,http://patft.uspto.gov/netacgi/nph-Parser?patentnumber=PP9028,1,2014-10-23T16:58:26Z,lilium,,1995,PP09028 -- Variety of Lilium named Fur Elise
30,"Mantel, Homme",Lilium 'Gold Dwarf',PLT/314,08/238028,PP09029,1/3/1995,http://www.lib.umd.edu/plantpatents/binaries/09000/pp09029.pdf,http://patft.uspto.gov/netacgi/nph-Parser?patentnumber=PP9029,1,2014-10-23T16:59:12Z,lilium,,1995,PP09029 -- Lilium 'Gold Dwarf'
31,"Dudeck, Albert E.",Bermudagrass plant 'FHB-135',PLT/389,07/982954,PP09030,1/3/1995,http://www.lib.umd.edu/plantpatents/binaries/09000/pp09030.pdf,http://patft.uspto.gov/netacgi/nph-Parser?patentnumber=PP9030,3,2014-10-23T16:59:54Z,bermudagrass,"Two color, one black&white",1995,PP09030 -- Bermudagrass plant 'FHB-135'
32,"Saville, F. Harmon",Miniature rose plant named Savalav,PLT/116,08/180437,PP09031,1/3/1995,http://www.lib.umd.edu/plantpatents/binaries/09000/pp09031.pdf,http://patft.uspto.gov/netacgi/nph-Parser?patentnumber=PP9031,1,2014-10-23T17:00:50Z,rose,,1995,PP09031 -- Miniature rose plant named Savalav
33,"Twomey, Jerry",Floribunda rose plant named Tworight,PLT/150,08/086430,PP09032,1/3/1995,http://www.lib.umd.edu/plantpatents/binaries/09000/pp09032.pdf,http://patft.uspto.gov/netacgi/nph-Parser?patentnumber=PP9032,1,2014-10-23T17:02:32Z,rose,,1995,PP09032 -- Floribunda rose plant named Tworight
34,"Meilland, Alain A.",Miniature rose plant named Meifruije,PLT/116,08/227276,PP09033,1/3/1995,http://www.lib.umd.edu/plantpatents/binaries/09000/pp09033.pdf,http://patft.uspto.gov/netacgi/nph-Parser?patentnumber=PP9033,1,2014-10-23T17:03:04Z,rose,,1995,PP09033 -- Miniature rose plant named Meifruije
35,"Layng, W. John",Chrysanthemum plant named Rosepink Debonair,PLT/291,08/203318,PP09034,1/3/1995,http://www.lib.umd.edu/plantpatents/binaries/09000/pp09034.pdf,http://patft.uspto.gov/netacgi/nph-Parser?patentnumber=PP9034,1,2014-10-23T17:03:36Z,chrysanthemum,,1995,PP09034 -- Chrysanthemum plant named Rosepink Debonair
36,"Desclaux, Jean-Louis",Carnation named Kristina,PLT/272,08/189444,PP09035,1/3/1995,http://www.lib.umd.edu/plantpatents/binaries/09000/pp09035.pdf,http://patft.uspto.gov/netacgi/nph-Parser?patentnumber=PP9035,1,2014-10-23T17:04:10Z,carnation,,1995,PP09035 -- Carnation named Kristina
37,"Meier, Virgil D. et al.",BA 73-366 Kentucky bluegrass,PLT/393,08/125564,PP09036,1/3/1995,http://www.lib.umd.edu/plantpatents/binaries/09000/pp09036.pdf,http://patft.uspto.gov/netacgi/nph-Parser?patentnumber=PP9036,3,2014-10-23T17:05:20Z,kentucky bluegrass,,1995,PP09036 -- BA 73-366 Kentucky bluegrass
38,"Delbard, Georges",Hybrid tea rose plant named Delstrobla,PLT/132,08/144873,PP09037,1/10/1995,http://www.lib.umd.edu/plantpatents/binaries/09000/pp09037.pdf,http://patft.uspto.gov/netacgi/nph-Parser?patentnumber=PP9037,1,2014-10-23T17:06:50Z,rose,,1995,PP09037 -- Hybrid tea rose plant named Delstrobla
39,"Marciel, Stanley G. et al.",Hybrid tea rose plant named Devcico,PLT/137,08/185708,PP09038,1/10/1995,http://www.lib.umd.edu/plantpatents/binaries/09000/pp09038.pdf,http://patft.uspto.gov/netacgi/nph-Parser?patentnumber=PP9038,1,2014-10-23T17:07:58Z,rose,,1995,PP09038 -- Hybrid tea rose plant named Devcico
40,"Larson, Drake",Table grape variety named Larson B-36,PLT/205,08/134257,PP09039,1/10/1995,http://www.lib.umd.edu/plantpatents/binaries/09000/pp09039.pdf,http://patft.uspto.gov/netacgi/nph-Parser?patentnumber=PP9039,3,2014-10-23T17:08:34Z,grape,,1995,PP09039 -- Table grape variety named Larson B-36
41,"Larson, Drake",Table grape variety named Mariah,PLT/205,08/134258,PP09040,1/10/1995,http://www.lib.umd.edu/plantpatents/binaries/09000/pp09040.pdf,http://patft.uspto.gov/netacgi/nph-Parser?patentnumber=PP9040,3,2014-10-23T17:09:16Z,grape,,1995,PP09040 -- Table grape variety named Mariah
42,"van Andel, Jacob",Alstroemeria plant named Stabec,PLT/309,08/202511,PP09041,1/10/1995,http://www.lib.umd.edu/plantpatents/binaries/09000/pp09041.pdf,http://patft.uspto.gov/netacgi/nph-Parser?patentnumber=PP9041,1,2014-10-23T17:09:58Z,alstroemeria,,1995,PP09041 -- Alstroemeria plant named Stabec
43,"Meilland, Alain A.",Hybrid Tea rose plant named Meipaleo,PLT/134,08/215528,PP09042,1/17/1995,http://www.lib.umd.edu/plantpatents/binaries/09000/pp09042.pdf,http://patft.uspto.gov/netacgi/nph-Parser?patentnumber=PP9042,1,2014-10-23T17:11:12Z,rose,,1995,PP09042 -- Hybrid Tea rose plant named Meipaleo
44,"Kordes, Wilhelm",Hybrid tea rose plant named KORcrisette,PLT/136,08/241500,PP09043,1/17/1995,http://www.lib.umd.edu/plantpatents/binaries/09000/pp09043.pdf,http://patft.uspto.gov/netacgi/nph-Parser?patentnumber=PP9043,1,2014-10-23T17:11:44Z,rose,,1995,PP09043 -- Hybrid tea rose plant named KORcrisette
45,"Kordes, Wilhelm",Hybrid Tea rose plant named Korignale,PLT/137,08/241493,PP09044,1/17/1995,http://www.lib.umd.edu/plantpatents/binaries/09000/pp09044.pdf,http://patft.uspto.gov/netacgi/nph-Parser?patentnumber=PP9044,1,2014-10-23T17:12:58Z,rose,,1995,PP09044 -- Hybrid Tea rose plant named Korignale
46,"Kent, Jeffrey C.",Bromeliad plant 'Guz 209',PLT/371,08/152030,PP09045,1/17/1995,http://www.lib.umd.edu/plantpatents/binaries/09000/pp09045.pdf,http://patft.uspto.gov/netacgi/nph-Parser?patentnumber=PP9045,1,2014-10-23T17:13:24Z,bromeliad,,1995,PP09045 -- Bromeliad plant 'Guz 209'
47,"Bubani, Giovanni B.",Nectarine tree known as Laura,PLT/190,08/169000,PP09046,1/24/1995,http://www.lib.umd.edu/plantpatents/binaries/09000/pp09046.pdf,http://patft.uspto.gov/netacgi/nph-Parser?patentnumber=PP9046,1,2014-10-23T17:14:36Z,nectarine,,1995,PP09046 -- Nectarine tree known as Laura
48,"Kent, Jeffrey C.",Bromeliad plant 'Guz 206',PLT/371,08/152028,PP09047,1/24/1995,http://www.lib.umd.edu/plantpatents/binaries/09000/pp09047.pdf,http://patft.uspto.gov/netacgi/nph-Parser?patentnumber=PP9047,1,2014-10-23T17:15:28Z,bromeliad,,1995,PP09047 -- Bromeliad plant 'Guz 206'
49,"Olesen, Mogens et al.",Miniature rose plant named Poultop,PLT/129,08/177541,PP09048,1/31/1995,http://www.lib.umd.edu/plantpatents/binaries/09000/pp09048.pdf,http://patft.uspto.gov/netacgi/nph-Parser?patentnumber=PP9048,1,2014-10-23T17:16:06Z,rose,,1995,PP09048 -- Miniature rose plant named Poultop
50,"Hoff, Petrus M. M.",Variety of Lilium named Holeaw,PLT/314,08/177193,PP09049,1/31/1995,http://www.lib.umd.edu/plantpatents/binaries/09000/pp09049.pdf,http://patft.uspto.gov/netacgi/nph-Parser?patentnumber=PP9049,1,2014-10-23T17:16:46Z,lilium,,1995,PP09049 -- Variety of Lilium named Holeaw
51,"Henny, Richard J.",Dieffenbachia named 695-1,PLT/378,08/152029,PP09050,1/31/1995,http://www.lib.umd.edu/plantpatents/binaries/09000/pp09050.pdf,http://patft.uspto.gov/netacgi/nph-Parser?patentnumber=PP9050,1,2014-10-23T17:17:14Z,dieffenbachia,,1995,PP09050 -- Dieffenbachia named 695-1
52,"Henny, Richard J.",Dieffenbachia named 68814,PLT/378,08/152121,PP09051,1/31/1995,http://www.lib.umd.edu/plantpatents/binaries/09000/pp09051.pdf,http://patft.uspto.gov/netacgi/nph-Parser?patentnumber=PP9051,1,2014-10-23T17:17:36Z,dieffenbachia,,1995,PP09051 -- Dieffenbachia named 68814
53,"Heursel, J.",Hybrid tea rose plant named Melbico,PLT/131,08/147854,PP09052,2/7/1995,http://www.lib.umd.edu/plantpatents/binaries/09000/pp09052.pdf,http://patft.uspto.gov/netacgi/nph-Parser?patentnumber=PP9052,2,2014-10-23T17:18:22Z,rose,,1995,PP09052 -- Hybrid tea rose plant named Melbico
54,"Serimian, Donald M. et al.",August Lion II nectarine tree,PLT/190,08/260041,PP09053,2/7/1995,http://www.lib.umd.edu/plantpatents/binaries/09000/pp09053.pdf,http://patft.uspto.gov/netacgi/nph-Parser?patentnumber=PP9053,1,2014-10-23T17:19:02Z,nectarine,,1995,PP09053 -- August Lion II nectarine tree
55,"Hesse, Peter S.",Chrysanthemum plant named Desert Isle,PLT/296,08/178875,PP09054,2/7/1995,http://www.lib.umd.edu/plantpatents/binaries/09000/pp09054.pdf,http://patft.uspto.gov/netacgi/nph-Parser?patentnumber=PP9054,1,2014-10-23T17:19:34Z,chrysanthemum,,1995,PP09054 -- Chrysanthemum plant named Desert Isle
56,"Hesse, Peter S.",Chrysanthemum plant named Pacific Isle,PLT/297,08/179040,PP09055,2/7/1995,http://www.lib.umd.edu/plantpatents/binaries/09000/pp09055.pdf,http://patft.uspto.gov/netacgi/nph-Parser?patentnumber=PP9055,1,2014-10-23T17:20:10Z,chrysanthemum,,1995,PP09055 -- Chrysanthemum plant named Pacific Isle
57,"Pittman, Jerry B.",Raphiolepis indica variety named 'Conda',PLT/254,08/270779,PP09056,2/14/1995,http://www.lib.umd.edu/plantpatents/binaries/09000/pp09056.pdf,http://patft.uspto.gov/netacgi/nph-Parser?patentnumber=PP9056,2,2014-10-23T17:21:48Z,raphiolepis indica,,1995,PP09056 -- Raphiolepis indica variety named 'Conda'
58,"Fruehwirth, Franz",Poinsettia plant 'Late Blooming Freedom',PLT/307,08/192440,PP09057,2/14/1995,http://www.lib.umd.edu/plantpatents/binaries/09000/pp09057.pdf,http://patft.uspto.gov/netacgi/nph-Parser?patentnumber=PP9057,1,2014-10-23T17:22:26Z,poinsettia,,1995,PP09057 -- Poinsettia plant 'Late Blooming Freedom'
59,"Fruehwirth, Franz",Poinsettia plant '664',PLT/307,08/192442,PP09058,2/14/1995,http://www.lib.umd.edu/plantpatents/binaries/09000/pp09058.pdf,http://patft.uspto.gov/netacgi/nph-Parser?patentnumber=PP9058,1,2014-10-23T17:23:04Z,poinsettia,,1995,PP09058 -- Poinsettia plant '664'
60,"Tachibana, Ryuichi et al.",Verbena plant -- 'Sunmaref TP-W',PLT/308,08/225080,PP09059,2/14/1995,http://www.lib.umd.edu/plantpatents/binaries/09000/pp09059.pdf,http://patft.uspto.gov/netacgi/nph-Parser?patentnumber=PP9059,4,2014-10-23T17:23:36Z,verbena,,1995,PP09059 -- Verbena plant -- 'Sunmaref TP-W'
61,"Tobutt, Kenneth R.",Columnar apple tree -- Obelisk variety,PLT/175,08/179312,PP09060,2/21/1995,http://www.lib.umd.edu/plantpatents/binaries/09000/pp09060.pdf,http://patft.uspto.gov/netacgi/nph-Parser?patentnumber=PP9060,1,2014-10-23T17:24:30Z,apple,,1995,PP09060 -- Columnar apple tree -- Obelisk variety
62,"Tobutt, Kenneth R.",Columnar apple tree--Hercules variety,PLT/175,08/179357,PP09061,2/21/1995,http://www.lib.umd.edu/plantpatents/binaries/09000/pp09061.pdf,http://patft.uspto.gov/netacgi/nph-Parser?patentnumber=PP9061,1,2014-10-23T17:24:58Z,apple,,1995,PP09061 -- Columnar apple tree--Hercules variety
63,"Olesen, Mogens et al.",Shrub rose plant named Poulskov,PLT/107,08/195769,PP09062,2/28/1995,http://www.lib.umd.edu/plantpatents/binaries/09000/pp09062.pdf,http://patft.uspto.gov/netacgi/nph-Parser?patentnumber=PP9062,1,2014-10-23T17:26:18Z,rose,,1995,PP09062 -- Shrub rose plant named Poulskov
64,"Olesen, Mogens et al.",Miniature rose plant named Poulclaus,PLT/129,08/177542,PP09063,2/28/1995,http://www.lib.umd.edu/plantpatents/binaries/09000/pp09063.pdf,http://patft.uspto.gov/netacgi/nph-Parser?patentnumber=PP9063,1,2014-10-23T17:26:52Z,rose,,1995,PP09063 -- Miniature rose plant named Poulclaus
65,"Evers, Hans",Hybrid tea rose plant named TANalephar,PLT/131,08/269344,PP09064,2/28/1995,http://www.lib.umd.edu/plantpatents/binaries/09000/pp09064.pdf,http://patft.uspto.gov/netacgi/nph-Parser?patentnumber=PP9064,1,2014-10-23T17:27:46Z,rose,,1995,PP09064 -- Hybrid tea rose plant named TANalephar
66,"Evers, Hans",Hybrid tea rose plant named Tanilyks,PLT/134,08/268837,PP09065,2/28/1995,http://www.lib.umd.edu/plantpatents/binaries/09000/pp09065.pdf,http://patft.uspto.gov/netacgi/nph-Parser?patentnumber=PP9065,1,2014-10-23T17:29:10Z,rose,,1995,PP09065 -- Hybrid tea rose plant named Tanilyks
67,"Jacobsen, Peter",Poinsettia plant 'PJ 3112',PLT/307,08/192441,PP09066,2/28/1995,http://www.lib.umd.edu/plantpatents/binaries/09000/pp09066.pdf,http://patft.uspto.gov/netacgi/nph-Parser?patentnumber=PP9066,1,2014-10-23T17:29:54Z,poinsettia,,1995,PP09066 -- Poinsettia plant 'PJ 3112'
68,"Carmi, P. J.",Fern plant named Orlando,PLT/379,08/270780,PP09067,2/28/1995,http://www.lib.umd.edu/plantpatents/binaries/09000/pp09067.pdf,http://patft.uspto.gov/netacgi/nph-Parser?patentnumber=PP9067,1,2014-10-23T17:30:26Z,fern,,1995,PP09067 -- Fern plant named Orlando
69,"Caudle, Darrel D. et al.",Apple tree: Caudle cultivar,PLT/161,08/114957,PP09068,3/7/1995,http://www.lib.umd.edu/plantpatents/binaries/09000/pp09068.pdf,http://patft.uspto.gov/netacgi/nph-Parser?patentnumber=PP9068,4,2014-10-23T17:39:20Z,apple,,1995,PP09068 -- Apple tree: Caudle cultivar
70,"Button, Richard J. et al.",Aglaonema plant named 'Green Majesty',PLT/376,08/234562,PP09069,3/7/1995,http://www.lib.umd.edu/plantpatents/binaries/09000/pp09069.pdf,http://patft.uspto.gov/netacgi/nph-Parser?patentnumber=PP9069,3,2014-10-23T17:40:12Z,aglaonema,,1995,PP09069 -- Aglaonema plant named 'Green Majesty'
71,"Button, Richard J. et al.",Aglaonema plant named 'Royal Ripple',PLT/376,08/223998,PP09070,3/7/1995,http://www.lib.umd.edu/plantpatents/binaries/09000/pp09070.pdf,http://patft.uspto.gov/netacgi/nph-Parser?patentnumber=PP9070,2,2014-10-23T17:40:38Z,aglaonema,,1995,PP09070 -- Aglaonema plant named 'Royal Ripple'
72,"Winchel, Joseph",Hybrid tea rose plant named Wekfrag,PLT/139,08/157962,PP09071,3/14/1995,http://www.lib.umd.edu/plantpatents/binaries/09000/pp09071.pdf,http://patft.uspto.gov/netacgi/nph-Parser?patentnumber=PP9071,1,2014-10-23T17:43:04Z,rose,,1995,PP09071 -- Hybrid tea rose plant named Wekfrag
73,"Felker, Peter",South American mesquite 'Laurie',PLT/216,08/126990,PP09072,3/14/1995,http://www.lib.umd.edu/plantpatents/binaries/09000/pp09072.pdf,http://patft.uspto.gov/netacgi/nph-Parser?patentnumber=PP9072,4,2014-10-23T17:45:28Z,mesquite,,1995,PP09072 -- South American mesquite 'Laurie'
74,"Moser, Frank C.",Azalea plant named Sincerity,PLT/240,08/223855,PP09073,3/14/1995,http://www.lib.umd.edu/plantpatents/binaries/09000/pp09073.pdf,http://patft.uspto.gov/netacgi/nph-Parser?patentnumber=PP9073,1,2014-10-23T17:46:02Z,azalea,,1995,PP09073 -- Azalea plant named Sincerity
75,"VandenBerg, Cornelis P.",Chrysanthemum plant named Blushing Emily,PLT/287,08/151975,PP09074,3/14/1995,http://www.lib.umd.edu/plantpatents/binaries/09000/pp09074.pdf,http://patft.uspto.gov/netacgi/nph-Parser?patentnumber=PP9074,1,2014-10-23T17:46:34Z,chrysanthemum,,1995,PP09074 -- Chrysanthemum plant named Blushing Emily
76,"VandenBerg, Cornelis P.",Chrysanthemum plant named Harvest Emily,PLT/290,08/151973,PP09075,3/14/1995,http://www.lib.umd.edu/plantpatents/binaries/09000/pp09075.pdf,http://patft.uspto.gov/netacgi/nph-Parser?patentnumber=PP9075,1,2014-10-23T17:47:04Z,chrysanthemum,,1995,PP09075 -- Chrysanthemum plant named Harvest Emily
77,"Machin, Barrie J.",Chrysanthemum plant named Royalist,PLT/291,08/181106,PP09076,3/14/1995,http://www.lib.umd.edu/plantpatents/binaries/09000/pp09076.pdf,http://patft.uspto.gov/netacgi/nph-Parser?patentnumber=PP9076,3,2014-10-23T17:47:44Z,chrysanthemum,"One color, two black&white",1995,PP09076 -- Chrysanthemum plant named Royalist
78,"VandenBerg, Cornelis P.",Chrysanthemum plant named Cherry Emily,PLT/293,08/151974,PP09077,3/14/1995,http://www.lib.umd.edu/plantpatents/binaries/09000/pp09077.pdf,http://patft.uspto.gov/netacgi/nph-Parser?patentnumber=PP9077,1,2014-10-23T17:48:16Z,chrysanthemum,,1995,PP09077 -- Chrysanthemum plant named Cherry Emily
79,"Hope, Claude",Anthurium plant named Crystal Hope,PLT/365,08/181786,PP09078,3/14/1995,http://www.lib.umd.edu/plantpatents/binaries/09000/pp09078.pdf,http://patft.uspto.gov/netacgi/nph-Parser?patentnumber=PP9078,1,2014-10-23T17:48:50Z,anthurium,,1995,PP09078 -- Anthurium plant named Crystal Hope
80,"Hope, Claude",Anthurium plant named Pura Vida Lavender,PLT/367,08/181893,PP09079,3/14/1995,http://www.lib.umd.edu/plantpatents/binaries/09000/pp09079.pdf,http://patft.uspto.gov/netacgi/nph-Parser?patentnumber=PP9079,1,2014-10-23T17:49:30Z,anthurium,,1995,PP09079 -- Anthurium plant named Pura Vida Lavender
81,"Hope, Claude",Anthurium plant named Pura Vida Red,PLT/369,08/183040,PP09080,3/14/1995,http://www.lib.umd.edu/plantpatents/binaries/09000/pp09080.pdf,http://patft.uspto.gov/netacgi/nph-Parser?patentnumber=PP9080,1,2014-10-23T17:50:00Z,anthurium,,1995,PP09080 -- Anthurium plant named Pura Vida Red
82,"Button, Richard J. et al.",Aglaonema plant named Painted Princess,PLT/376,08/223856,PP09081,3/14/1995,http://www.lib.umd.edu/plantpatents/binaries/09000/pp09081.pdf,http://patft.uspto.gov/netacgi/nph-Parser?patentnumber=PP9081,2,2014-10-23T17:50:34Z,aglaonema,,1995,PP09081 -- Aglaonema plant named Painted Princess
83,"Button, Richard J. et al.",Aglaonema plant named 'Silver Frost',PLT/376,08/223997,PP09082,3/14/1995,http://www.lib.umd.edu/plantpatents/binaries/09000/pp09082.pdf,http://patft.uspto.gov/netacgi/nph-Parser?patentnumber=PP9082,2,2014-10-23T17:51:10Z,aglaonema,,1995,PP09082 -- Aglaonema plant named 'Silver Frost'
84,"VandenBerg, Cornelis P.",Chrysanthemum plant named Tijuana,PLT/286,08/280523,PP09083,3/21/1995,http://www.lib.umd.edu/plantpatents/binaries/09000/pp09083.pdf,http://patft.uspto.gov/netacgi/nph-Parser?patentnumber=PP9083,3,2014-10-23T17:52:06Z,chrysanthemum,"One color, two black&white",1995,PP09083 -- Chrysanthemum plant named Tijuana
85,"VandenBerg, Cornelis P.",Chrysanthemum plant named Austin,PLT/294,08/277286,PP09084,3/21/1995,http://www.lib.umd.edu/plantpatents/binaries/09000/pp09084.pdf,http://patft.uspto.gov/netacgi/nph-Parser?patentnumber=PP9084,3,2014-10-23T17:52:36Z,chrysanthemum,"One color, two black&white",1995,PP09084 -- Chrysanthemum plant named Austin
86,"Tachibana, Ryuichi et al.",Verbena plant--'Sunmaref TP-C',PLT/308,08/225346,PP09085,3/21/1995,http://www.lib.umd.edu/plantpatents/binaries/09000/pp09085.pdf,http://patft.uspto.gov/netacgi/nph-Parser?patentnumber=PP9085,4,2014-10-23T17:53:12Z,verbena,,1995,PP09085 -- Verbena plant--'Sunmaref TP-C'
87,"Mantel, Homme","Lilium ""Ticino""",PLT/314,08/280201,PP09086,3/21/1995,http://www.lib.umd.edu/plantpatents/binaries/09000/pp09086.pdf,http://patft.uspto.gov/netacgi/nph-Parser?patentnumber=PP9086,1,2014-10-23T17:53:48Z,lilium,,1995,"PP09086 -- Lilium ""Ticino"""
88,"Mantel, Homme",Lilium 'Tyrolia',PLT/314,08/282303,PP09087,3/21/1995,http://www.lib.umd.edu/plantpatents/binaries/09000/pp09087.pdf,http://patft.uspto.gov/netacgi/nph-Parser?patentnumber=PP9087,1,2014-10-23T17:54:42Z,lilium,,1995,PP09087 -- Lilium 'Tyrolia'
89,"van Rosmalen, N. A. M.",Anthurium andreanum variety named Champion,PLT/366,08/229212,PP09088,3/21/1995,http://www.lib.umd.edu/plantpatents/binaries/09000/pp09088.pdf,http://patft.uspto.gov/netacgi/nph-Parser?patentnumber=PP9088,4,2014-10-23T17:55:24Z,anthurium,,1995,PP09088 -- Anthurium andreanum variety named Champion
90,"Yamagishi, Takashi et al.",Manila grass variety GS90-18,PLT/390,08/040293,PP09089,3/21/1995,http://www.lib.umd.edu/plantpatents/binaries/09000/pp09089.pdf,http://patft.uspto.gov/netacgi/nph-Parser?patentnumber=PP9089,7,2014-10-23T17:57:38Z,manila,"Five color, two black&white",1995,PP09089 -- Manila grass variety GS90-18
91,"Olesen, Mogens N. et al.",Miniature rose plant named Poulvok,PLT/122,08/209557,PP09090,3/28/1995,http://www.lib.umd.edu/plantpatents/binaries/09000/pp09090.pdf,http://patft.uspto.gov/netacgi/nph-Parser?patentnumber=PP9090,1,2014-10-23T17:58:26Z,rose,,1995,PP09090 -- Miniature rose plant named Poulvok
92,"Vinson, Peter E. et al.",Strawberry plant--Evita variety,PLT/209,08/183980,PP09091,3/28/1995,http://www.lib.umd.edu/plantpatents/binaries/09000/pp09091.pdf,http://patft.uspto.gov/netacgi/nph-Parser?patentnumber=PP9091,3,2014-10-23T17:59:18Z,strawberry,,1995,PP09091 -- Strawberry plant--Evita variety
93,"Losely, Edward",Shadblow serviceberry plant named 'Glenn Form',PLT/216,08/159822,PP09092,3/28/1995,http://www.lib.umd.edu/plantpatents/binaries/09000/pp09092.pdf,http://patft.uspto.gov/netacgi/nph-Parser?patentnumber=PP9092,4,2014-10-23T18:00:10Z,serviceberry,,1995,PP09092 -- Shadblow serviceberry plant named 'Glenn Form'
94,"Flemer, III, William",Quercus palustris 'Pringreen',PLT/225,08/176889,PP09093,3/28/1995,http://www.lib.umd.edu/plantpatents/binaries/09000/pp09093.pdf,http://patft.uspto.gov/netacgi/nph-Parser?patentnumber=PP9093,1,2014-10-23T18:00:42Z,quercus,,1995,PP09093 -- Quercus palustris 'Pringreen'
95,"Fuess, Janet S.",Chrysanthemum plant named Empire Citrine,PLT/295,08/281109,PP09094,3/28/1995,http://www.lib.umd.edu/plantpatents/binaries/09000/pp09094.pdf,http://patft.uspto.gov/netacgi/nph-Parser?patentnumber=PP9094,3,2014-10-23T18:01:26Z,chrysanthemum,"One color, two black&white",1995,PP09094 -- Chrysanthemum plant named Empire Citrine
96,"McGredy, Sam",Grandiflora rose plant named Macmouhoo,PLT/134,08/243497,PP09095,4/4/1995,http://www.lib.umd.edu/plantpatents/binaries/09000/pp09095.pdf,http://patft.uspto.gov/netacgi/nph-Parser?patentnumber=PP9095,1,2014-10-23T18:02:04Z,rose,,1995,PP09095 -- Grandiflora rose plant named Macmouhoo
97,"Hefner, John",Hybrid tea rose plant named Classic Touch,PLT/137,08/138033,PP09096,4/4/1995,http://www.lib.umd.edu/plantpatents/binaries/09000/pp09096.pdf,http://patft.uspto.gov/netacgi/nph-Parser?patentnumber=PP9096,1,2014-10-23T18:02:42Z,rose,,1995,PP09096 -- Hybrid tea rose plant named Classic Touch
98,"Marciel, Stanley G. et al.",Hybrid tea rose plant named Devpajaro,PLT/139,08/217970,PP09097,4/4/1995,http://www.lib.umd.edu/plantpatents/binaries/09000/pp09097.pdf,http://patft.uspto.gov/netacgi/nph-Parser?patentnumber=PP9097,1,2014-10-23T18:03:04Z,rose,,1995,PP09097 -- Hybrid tea rose plant named Devpajaro
99,"Milbrath, Cyril M. et al.",Blueberry: Crystal Blue,PLT/157,08/172639,PP09098,4/4/1995,http://www.lib.umd.edu/plantpatents/binaries/09000/pp09098.pdf,http://patft.uspto.gov/netacgi/nph-Parser?patentnumber=PP9098,3,2014-10-23T18:03:50Z,blueberry,"Two color, one black&white",1995,PP09098 -- Blueberry: Crystal Blue
100,"Escande, Jean L.",Nectarine tree--Crystal Red,PLT/188,08/141347,PP09099,4/4/1995,http://www.lib.umd.edu/plantpatents/binaries/09000/pp09099.pdf,http://patft.uspto.gov/netacgi/nph-Parser?patentnumber=PP9099,1,2014-10-23T18:04:18Z,nectarine,,1995,PP09099 -- Nectarine tree--Crystal Red
101,"van Andel, Jacob",Alstroemeria plant named Stamond,PLT/309,08/201564,PP09100,4/4/1995,http://www.lib.umd.edu/plantpatents/binaries/09100/pp09100.pdf,http://patft.uspto.gov/netacgi/nph-Parser?patentnumber=PP9100,1,2014-10-23T18:04:48Z,alstroemeria,,1995,PP09100 -- Alstroemeria plant named Stamond
102,"Schreurs, Petrus N. J.",Floribunda rose plant named Fleur,PLT/148,08/246747,PP09101,4/11/1995,http://www.lib.umd.edu/plantpatents/binaries/09100/pp09101.pdf,http://patft.uspto.gov/netacgi/nph-Parser?patentnumber=PP9101,4,2014-10-23T18:05:58Z,rose,,1995,PP09101 -- Floribunda rose plant named Fleur
103,"Avila, Fernando C.",Madonna Sun peach tree,PLT/198,08/261196,PP09102,4/11/1995,http://www.lib.umd.edu/plantpatents/binaries/09100/pp09102.pdf,http://patft.uspto.gov/netacgi/nph-Parser?patentnumber=PP9102,1,2014-10-23T18:06:32Z,peach,,1995,PP09102 -- Madonna Sun peach tree
104,"Wandell, Willet N.",Oak tree 'Crimschmidt',PLT/225,08/236740,PP09103,4/11/1995,http://www.lib.umd.edu/plantpatents/binaries/09100/pp09103.pdf,http://patft.uspto.gov/netacgi/nph-Parser?patentnumber=PP9103,1,2014-10-23T18:07:06Z,oak,,1995,PP09103 -- Oak tree 'Crimschmidt'
105,"Cadic, M. Alain",Forsythia plant -- Courtasol variety,PLT/230,08/226473,PP09104,4/11/1995,http://www.lib.umd.edu/plantpatents/binaries/09100/pp09104.pdf,http://patft.uspto.gov/netacgi/nph-Parser?patentnumber=PP9104,2,2014-10-23T18:07:54Z,forsythia,,1995,PP09104 -- Forsythia plant -- Courtasol variety
106,"VandenBerg, Cornelis P.",Chrysanthemum plant named Akron,PLT/286,08/280527,PP09105,4/11/1995,http://www.lib.umd.edu/plantpatents/binaries/09100/pp09105.pdf,http://patft.uspto.gov/netacgi/nph-Parser?patentnumber=PP9105,3,2014-10-23T18:08:52Z,chrysanthemum,"One color, two black&white",1995,PP09105 -- Chrysanthemum plant named Akron
107,"Jacobsen, Peter",Poinsettia plant 'PJ 3219',PLT/307,08/192720,PP09106,4/11/1995,http://www.lib.umd.edu/plantpatents/binaries/09100/pp09106.pdf,http://patft.uspto.gov/netacgi/nph-Parser?patentnumber=PP9106,1,2014-10-23T18:09:42Z,poinsettia,,1995,PP09106 -- Poinsettia plant 'PJ 3219'
108,"Escande, Jean L.",Nectarine tree--Crystal Rose,PLT/188,08/141473,PP09107,4/18/1995,http://www.lib.umd.edu/plantpatents/binaries/09100/pp09107.pdf,http://patft.uspto.gov/netacgi/nph-Parser?patentnumber=PP9107,1,2014-10-23T18:10:14Z,nectarine,"One color, two black&white",1995,PP09107 -- Nectarine tree--Crystal Rose
109,"VandenBerg, Cornelis P.",Chrysanthemum plant named Fargo,PLT/295,08/277285,PP09108,4/18/1995,http://www.lib.umd.edu/plantpatents/binaries/09100/pp09108.pdf,http://patft.uspto.gov/netacgi/nph-Parser?patentnumber=PP9108,3,2014-10-23T18:10:52Z,chrysanthemum,"One color, two black&white",1995,PP09108 -- Chrysanthemum plant named Fargo
110,"McRae, Edward A.",Asiatic lily plant named 'Snow Crystal',PLT/314,08/225829,PP09109,4/18/1995,http://www.lib.umd.edu/plantpatents/binaries/09100/pp09109.pdf,http://patft.uspto.gov/netacgi/nph-Parser?patentnumber=PP9109,1,2014-10-23T18:11:22Z,lily,,1995,PP09109 -- Asiatic lily plant named 'Snow Crystal'
111,"Klemm, Siegfried",Geranium named Klegany,PLT/325,08/173413,PP09110,4/18/1995,http://www.lib.umd.edu/plantpatents/binaries/09100/pp09110.pdf,http://patft.uspto.gov/netacgi/nph-Parser?patentnumber=PP9110,1,2014-10-23T18:12:00Z,geranium,,1995,PP09110 -- Geranium named Klegany
112,"Drewlow, Lyndon W.",Kalanchoe plant named Legacy,PLT/337,08/234561,PP09111,4/18/1995,http://www.lib.umd.edu/plantpatents/binaries/09100/pp09111.pdf,http://patft.uspto.gov/netacgi/nph-Parser?patentnumber=PP9111,1,2014-10-23T18:12:24Z,kalanchoe,,1995,PP09111 -- Kalanchoe plant named Legacy
113,"Frazer, Edwin J.",Dieffenbachia plant named Paco,PLT/378,08/222935,PP09112,4/18/1995,http://www.lib.umd.edu/plantpatents/binaries/09100/pp09112.pdf,http://patft.uspto.gov/netacgi/nph-Parser?patentnumber=PP9112,1,2014-10-23T18:12:52Z,dieffenbachia,,1995,PP09112 -- Dieffenbachia plant named Paco
114,"Newbold, Jr., John R. et al.",Newbold's Diamond Leatherleaf Fern,PLT/379,08/165709,PP09113,4/18/1995,http://www.lib.umd.edu/plantpatents/binaries/09100/pp09113.pdf,http://patft.uspto.gov/netacgi/nph-Parser?patentnumber=PP9113,1,2014-10-23T18:13:26Z,fern,,1995,PP09113 -- Newbold's Diamond Leatherleaf Fern
115,"Zary, Keith W.",Shrub rose plant named 'Jactorbo',PLT/103,08/150681,PP09114,4/25/1995,http://www.lib.umd.edu/plantpatents/binaries/09100/pp09114.pdf,http://patft.uspto.gov/netacgi/nph-Parser?patentnumber=PP9114,1,2014-10-23T18:14:12Z,rose,,1995,PP09114 -- Shrub rose plant named 'Jactorbo'
116,"Kordes, Wilhelm",Shrub rose plant named 'Kortemma',PLT/108,08/201241,PP09115,4/25/1995,http://www.lib.umd.edu/plantpatents/binaries/09100/pp09115.pdf,http://patft.uspto.gov/netacgi/nph-Parser?patentnumber=PP9115,1,2014-10-23T18:14:46Z,rose,,1995,PP09115 -- Shrub rose plant named 'Kortemma'
117,"Kordes, Wilhelm",Hybrid tea rose plant named Kordaba,PLT/135,08/241502,PP09116,4/25/1995,http://www.lib.umd.edu/plantpatents/binaries/09100/pp09116.pdf,http://patft.uspto.gov/netacgi/nph-Parser?patentnumber=PP9116,1,2014-10-23T18:15:08Z,rose,,1995,PP09116 -- Hybrid tea rose plant named Kordaba
118,"Christensen, Ole V.",Dipladenia plant named 'Helle',PLT/232,08/193546,PP09117,4/25/1995,http://www.lib.umd.edu/plantpatents/binaries/09100/pp09117.pdf,http://patft.uspto.gov/netacgi/nph-Parser?patentnumber=PP9117,1,2014-10-23T18:15:44Z,dipladenia,,1995,PP09117 -- Dipladenia plant named 'Helle'
119,"Petersen, Jens",Dipladenia plant named 'Cerise',PLT/232,08/193764,PP09118,4/25/1995,http://www.lib.umd.edu/plantpatents/binaries/09100/pp09118.pdf,http://patft.uspto.gov/netacgi/nph-Parser?patentnumber=PP9118,1,2014-10-23T18:16:18Z,dipladenia,,1995,PP09118 -- Dipladenia plant named 'Cerise'
120,"Schofield, Joan I.",Lavandula plant named Blue Cushion,PLT/226,08/268126,PP09119,4/25/1995,http://www.lib.umd.edu/plantpatents/binaries/09100/pp09119.pdf,http://patft.uspto.gov/netacgi/nph-Parser?patentnumber=PP9119,2,2014-10-23T18:17:40Z,lavandula,,1995,PP09119 -- Lavandula plant named Blue Cushion
121,"Takanashi, Nobuaki et al.",Variety of Limonium named Super Lady,PLT/358,08/189421,PP09120,4/25/1995,http://www.lib.umd.edu/plantpatents/binaries/09100/pp09120.pdf,http://patft.uspto.gov/netacgi/nph-Parser?patentnumber=PP9120,1,2014-10-23T18:18:22Z,limonium,,1995,PP09120 -- Variety of Limonium named Super Lady
122,"Tachibana, Ryuichi et al.",Verbena plant 'Sunmaref TP-L',PLT/308,08/225078,PP09121,4/25/1995,http://www.lib.umd.edu/plantpatents/binaries/09100/pp09121.pdf,http://patft.uspto.gov/netacgi/nph-Parser?patentnumber=PP9121,4,2014-10-23T18:19:24Z,verbena,,1995,PP09121 -- Verbena plant 'Sunmaref TP-L'
123,"Collicutt, Lynn M.",Shrub rose plant named Winnipeg Parks,PLT/108,08/170810,PP09122,5/2/1995,http://www.lib.umd.edu/plantpatents/binaries/09100/pp09122.pdf,http://patft.uspto.gov/netacgi/nph-Parser?patentnumber=PP9122,5,2014-10-23T18:31:22Z,rose,"Four color, one black&white",1995,PP09122 -- Shrub rose plant named Winnipeg Parks
124,"Goffreda, Joseph C. et al.",Apple tree NJ109,PLT/172,08/235855,PP09123,5/2/1995,http://www.lib.umd.edu/plantpatents/binaries/09100/pp09123.pdf,http://patft.uspto.gov/netacgi/nph-Parser?patentnumber=PP9123,2,2014-10-23T18:32:10Z,apple,,1995,PP09123 -- Apple tree NJ109
125,"Johnson, Philip A.",Rosemary plant named 'Renzels',PLT/226,08/226999,PP09124,5/2/1995,http://www.lib.umd.edu/plantpatents/binaries/09100/pp09124.pdf,http://patft.uspto.gov/netacgi/nph-Parser?patentnumber=PP9124,1,2014-10-23T18:32:30Z,rosemary,,1995,PP09124 -- Rosemary plant named 'Renzels'
126,"Kohl, deceased, Paul A. et al.",Azalea hybrid plant 'Paul A. Kohl',PLT/239,08/210711,PP09125,5/2/1995,http://www.lib.umd.edu/plantpatents/binaries/09100/pp09125.pdf,http://patft.uspto.gov/netacgi/nph-Parser?patentnumber=PP9125,2,2014-10-23T18:33:12Z,azalea,,1995,PP09125 -- Azalea hybrid plant 'Paul A. Kohl'
127,"Glicenstein, Leon",Chrysanthemum plant named Warm Megan,PLT/296,08/155238,PP09126,5/2/1995,http://www.lib.umd.edu/plantpatents/binaries/09100/pp09126.pdf,http://patft.uspto.gov/netacgi/nph-Parser?patentnumber=PP9126,1,2014-10-23T18:34:02Z,chrysanthemum,,1995,PP09126 -- Chrysanthemum plant named Warm Megan
128,"Gibeault, Victor A. et al.",Zoysiagrass plant named 'De Anza',PLT/390,08/181860,PP09127,5/2/1995,http://www.lib.umd.edu/plantpatents/binaries/09100/pp09127.pdf,http://patft.uspto.gov/netacgi/nph-Parser?patentnumber=PP9127,3,2014-10-23T18:34:42Z,zoysiagrass,,1995,PP09127 -- Zoysiagrass plant named 'De Anza'
129,"Reimer, Steven P.","Nectarine tree, 'Sure Fire'",PLT/190,08/165986,PP09128,5/9/1995,http://www.lib.umd.edu/plantpatents/binaries/09100/pp09128.pdf,http://patft.uspto.gov/netacgi/nph-Parser?patentnumber=PP9128,1,2014-10-23T18:35:30Z,nectarine,,1995,"PP09128 -- ""Nectarine tree --  'Sure Fire'"""
130,"Friday, Paul J.",'P. F. 1'peach tree,PLT/197,08/266721,PP09129,5/9/1995,http://www.lib.umd.edu/plantpatents/binaries/09100/pp09129.pdf,http://patft.uspto.gov/netacgi/nph-Parser?patentnumber=PP9129,1,2014-10-23T18:36:38Z,peach,,1995,PP09129 -- 'P. F. 1'peach tree
131,"Sjulin, Thomas M. et al.",Strawberry plant called 'Balboa',PLT/208,08/285388,PP09130,5/9/1995,http://www.lib.umd.edu/plantpatents/binaries/09100/pp09130.pdf,http://patft.uspto.gov/netacgi/nph-Parser?patentnumber=PP9130,1,2014-10-23T18:38:20Z,strawberry,,1995,PP09130 -- Strawberry plant called 'Balboa'
132,"Moser, Frank C.",Azalea plant named Champagne,PLT/239,08/223723,PP09131,5/9/1995,http://www.lib.umd.edu/plantpatents/binaries/09100/pp09131.pdf,http://patft.uspto.gov/netacgi/nph-Parser?patentnumber=PP9131,1,2014-10-23T18:38:46Z,azalea,,1995,PP09131 -- Azalea plant named Champagne
133,"Moser, Frank C.",Azalea plant named YB 871 Remembrance,PLT/240,08/223996,PP09132,5/9/1995,http://www.lib.umd.edu/plantpatents/binaries/09100/pp09132.pdf,http://patft.uspto.gov/netacgi/nph-Parser?patentnumber=PP9132,1,2014-10-23T18:39:12Z,azalea,,1995,PP09132 -- Azalea plant named YB 871 Remembrance
134,"Mak, Johan A.",Lilium 'Memphis',PLT/315,08/314071,PP09133,5/9/1995,http://www.lib.umd.edu/plantpatents/binaries/09100/pp09133.pdf,http://patft.uspto.gov/netacgi/nph-Parser?patentnumber=PP9133,1,2014-10-23T18:40:04Z,lilium,,1995,PP09133 -- Lilium 'Memphis'
135,"Enthoven, Adrianus W. M.",Geranium plant named Merilou,PLT/325,08/197346,PP09134,5/9/1995,http://www.lib.umd.edu/plantpatents/binaries/09100/pp09134.pdf,http://patft.uspto.gov/netacgi/nph-Parser?patentnumber=PP9134,3,2014-10-23T18:41:10Z,geranium,,1995,PP09134 -- Geranium plant named Merilou
136,"Gibeault, Victor A. et al.",Zoysiagrass plant named 'Victoria',PLT/390,08/180899,PP09135,5/9/1995,http://www.lib.umd.edu/plantpatents/binaries/09100/pp09135.pdf,http://patft.uspto.gov/netacgi/nph-Parser?patentnumber=PP9135,3,2014-10-23T18:41:48Z,zoysiagrass,,1995,PP09135 -- Zoysiagrass plant named 'Victoria'
137,"Yanny, Michael D.",Dwarf ash tree Johnson,PLT/219,08/219644,PP09136,5/16/1995,http://www.lib.umd.edu/plantpatents/binaries/09100/pp09136.pdf,http://patft.uspto.gov/netacgi/nph-Parser?patentnumber=PP9136,2,2014-10-23T18:42:28Z,dwarf ash,,1995,PP09136 -- Dwarf ash tree Johnson
138,"Kientzler, Ludwig",Impatiens plant named Bonaire,PLT/318.5,08/280203,PP09137,5/16/1995,http://www.lib.umd.edu/plantpatents/binaries/09100/pp09137.pdf,http://patft.uspto.gov/netacgi/nph-Parser?patentnumber=PP9137,1,2014-10-23T18:42:58Z,impatiens,,1995,PP09137 -- Impatiens plant named Bonaire
139,"Kientzler, Ludwig",Impatiens plant named Improved Samoa,PLT/318.2,08/280434,PP09138,5/16/1995,http://www.lib.umd.edu/plantpatents/binaries/09100/pp09138.pdf,http://patft.uspto.gov/netacgi/nph-Parser?patentnumber=PP9138,1,2014-10-23T18:43:18Z,impatiens,,1995,PP09138 -- Impatiens plant named Improved Samoa
140,"Kientzler, Ludwig",Impatiens plant named Dark Delias,PLT/318.5,08/280438,PP09139,5/16/1995,http://www.lib.umd.edu/plantpatents/binaries/09100/pp09139.pdf,http://patft.uspto.gov/netacgi/nph-Parser?patentnumber=PP9139,1,2014-10-23T18:43:50Z,impatiens,,1995,PP09139 -- Impatiens plant named Dark Delias
141,"Enthoven, Adrianus W. M.",Geranium plant named Meritwin,PLT/325,08/197323,PP09140,5/16/1995,http://www.lib.umd.edu/plantpatents/binaries/09100/pp09140.pdf,http://patft.uspto.gov/netacgi/nph-Parser?patentnumber=PP9140,3,2014-10-23T18:44:22Z,geranium,,1995,PP09140 -- Geranium plant named Meritwin
142,"Enthoven, Adrianus W. M.",Geranium plant named Merineon,PLT/330,08/197345,PP09141,5/16/1995,http://www.lib.umd.edu/plantpatents/binaries/09100/pp09141.pdf,http://patft.uspto.gov/netacgi/nph-Parser?patentnumber=PP9141,3,2014-10-23T18:44:50Z,geranium,,1995,PP09141 -- Geranium plant named Merineon
143,"Amador, Julio",Alstroemeria plant named Daniela,PLT/309,08/195768,PP09142,5/23/1995,http://www.lib.umd.edu/plantpatents/binaries/09100/pp09142.pdf,http://patft.uspto.gov/netacgi/nph-Parser?patentnumber=PP9142,2,2014-10-23T18:45:20Z,alstroemeria,,1995,PP09142 -- Alstroemeria plant named Daniela
144,"Kientzler, Ludwig",Impatiens plant named Pago Pago,PLT/318.1,08/280258,PP09143,5/23/1995,http://www.lib.umd.edu/plantpatents/binaries/09100/pp09143.pdf,http://patft.uspto.gov/netacgi/nph-Parser?patentnumber=PP9143,1,2014-10-23T18:45:48Z,impatiens,,1995,PP09143 -- Impatiens plant named Pago Pago
145,"Kientzler, Ludwig",Impatiens plant named Timor,PLT/318.3,08/280437,PP09144,5/23/1995,http://www.lib.umd.edu/plantpatents/binaries/09100/pp09144.pdf,http://patft.uspto.gov/netacgi/nph-Parser?patentnumber=PP9144,1,2014-10-23T18:46:12Z,impatiens,,1995,PP09144 -- Impatiens plant named Timor
146,"Glicenstein, Leon",Chrysanthemum plant named Sunny Linda,PLT/289,08/155239,PP09145,5/30/1995,http://www.lib.umd.edu/plantpatents/binaries/09100/pp09145.pdf,http://patft.uspto.gov/netacgi/nph-Parser?patentnumber=PP9145,1,2014-10-23T18:46:54Z,chrysanthemum,,1995,PP09145 -- Chrysanthemum plant named Sunny Linda
147,"Kientzler, Ludwig",Impatiens plant named 'Kallima',PLT/318.6,08/280205,PP09146,5/30/1995,http://www.lib.umd.edu/plantpatents/binaries/09100/pp09146.pdf,http://patft.uspto.gov/netacgi/nph-Parser?patentnumber=PP9146,1,2014-10-23T18:47:32Z,impatiens,,1995,PP09146 -- Impatiens plant named 'Kallima'
148,"Kientzler, Ludwig",Impatiens plant named Moorea,PLT/318.2,08/280259,PP09147,5/30/1995,http://www.lib.umd.edu/plantpatents/binaries/09100/pp09147.pdf,http://patft.uspto.gov/netacgi/nph-Parser?patentnumber=PP9147,1,2014-10-23T18:48:04Z,impatiens,,1995,PP09147 -- Impatiens plant named Moorea
149,"Kientzler, Ludwig",Impatiens plant named Tanna,PLT/318.3,08/280260,PP09148,5/30/1995,http://www.lib.umd.edu/plantpatents/binaries/09100/pp09148.pdf,http://patft.uspto.gov/netacgi/nph-Parser?patentnumber=PP9148,1,2014-10-23T18:48:22Z,impatiens,,1995,PP09148 -- Impatiens plant named Tanna
150,"Kientzler, Ludwig",Impatiens plant named Martinique,PLT/318.7,08/280432,PP09149,5/30/1995,http://www.lib.umd.edu/plantpatents/binaries/09100/pp09149.pdf,http://patft.uspto.gov/netacgi/nph-Parser?patentnumber=PP9149,1,2014-10-23T18:48:48Z,impatiens,,1995,PP09149 -- Impatiens plant named Martinique
151,"Kientzler, Ludwig",Impatiens plant named Prepona,PLT/318.7,08/280433,PP09150,5/30/1995,http://www.lib.umd.edu/plantpatents/binaries/09100/pp09150.pdf,http://patft.uspto.gov/netacgi/nph-Parser?patentnumber=PP9150,1,2014-10-23T18:49:04Z,impatiens,,1995,PP09150 -- Impatiens plant named Prepona
152,"Enthoven, Adrianus W. M.",Geranium plant named Merione,PLT/330,08/197347,PP09151,5/30/1995,http://www.lib.umd.edu/plantpatents/binaries/09100/pp09151.pdf,http://patft.uspto.gov/netacgi/nph-Parser?patentnumber=PP9151,3,2014-10-23T18:49:36Z,geranium,,1995,PP09151 -- Geranium plant named Merione
153,"Enthoven, Adrianus W. M.",Germanium plant named Meridonna,PLT/325,08/197348,PP09152,5/30/1995,http://www.lib.umd.edu/plantpatents/binaries/09100/pp09152.pdf,http://patft.uspto.gov/netacgi/nph-Parser?patentnumber=PP9152,3,2014-10-23T18:50:04Z,germanium,,1995,PP09152 -- Germanium plant named Meridonna
154,"Wyckoff, Gilbert R.",Hybrid tea rose plant named 'Hawaiian King',PLT/137,08/194163,PP09153,6/6/1995,http://www.lib.umd.edu/plantpatents/binaries/09100/pp09153.pdf,http://patft.uspto.gov/netacgi/nph-Parser?patentnumber=PP9153,2,2014-10-23T18:50:38Z,rose,,1995,PP09153 -- Hybrid tea rose plant named 'Hawaiian King'
155,"Roberson, Robert J.",Canna plant 'Bugle Boy',PLT/415,08/226211,PP09154,6/6/1995,http://www.lib.umd.edu/plantpatents/binaries/09100/pp09154.pdf,http://patft.uspto.gov/netacgi/nph-Parser?patentnumber=PP9154,1,2014-10-23T18:51:12Z,canna,,1995,PP09154 -- Canna plant 'Bugle Boy'
156,"VandenBerg, Cornelis P.",Chrysanthemum plant named 'Jasper',PLT/298,08/280524,PP09155,6/6/1995,http://www.lib.umd.edu/plantpatents/binaries/09100/pp09155.pdf,http://patft.uspto.gov/netacgi/nph-Parser?patentnumber=PP9155,3,2014-10-23T18:53:22Z,chrysanthemum,,1995,PP09155 -- Chrysanthemum plant named 'Jasper'
157,"Enthoven, Adrianus W. M.",Geranium plant named Meriking,PLT/330,08/217122,PP09156,6/6/1995,http://www.lib.umd.edu/plantpatents/binaries/09100/pp09156.pdf,http://patft.uspto.gov/netacgi/nph-Parser?patentnumber=PP9156,3,2014-10-23T18:54:08Z,geranium,,1995,PP09156 -- Geranium plant named Meriking
158,"Enthoven, Adrianus W. M.","Geranium plant named ""Merihoney""",PLT/330,08/217124,PP09157,6/6/1995,http://www.lib.umd.edu/plantpatents/binaries/09100/pp09157.pdf,http://patft.uspto.gov/netacgi/nph-Parser?patentnumber=PP9157,3,2014-10-23T18:54:36Z,geranium,,1995,"PP09157 -- Geranium plant named ""Merihoney"""
159,"Walden, John K.",Miniature rose plant named 'JACpupot',PLT/116,08/293712,PP09158,6/13/1995,http://www.lib.umd.edu/plantpatents/binaries/09100/pp09158.pdf,http://patft.uspto.gov/netacgi/nph-Parser?patentnumber=PP9158,1,2014-10-26T14:09:18Z,rose,,1995,PP09158 -- Miniature rose plant named 'JACpupot'
160,"Laver, Keith G.",Miniature rose plant named 'Lavling',PLT/118,08/293711,PP09159,6/13/1995,http://www.lib.umd.edu/plantpatents/binaries/09100/pp09159.pdf,http://patft.uspto.gov/netacgi/nph-Parser?patentnumber=PP9159,1,2014-10-26T14:10:00Z,rose,,1995,PP09159 -- Miniature rose plant named 'Lavling'
161,"Bennet, deceased, Cecilia L. D. et al.",Miniature rose plant named 'Chula Vista',PLT/129,08/177602,PP09160,6/13/1995,http://www.lib.umd.edu/plantpatents/binaries/09100/pp09160.pdf,http://patft.uspto.gov/netacgi/nph-Parser?patentnumber=PP9160,1,2014-10-26T14:10:32Z,rose,,1995,PP09160 -- Miniature rose plant named 'Chula Vista'
162,"Harkness, J. L.",Floribunda rose plant named Harwelcome,PLT/143,08/176131,PP09161,6/13/1995,http://www.lib.umd.edu/plantpatents/binaries/09100/pp09161.pdf,http://patft.uspto.gov/netacgi/nph-Parser?patentnumber=PP9161,1,2014-10-26T14:11:02Z,rose,,1995,PP09161 -- Floribunda rose plant named Harwelcome
163,"Zaiger, Chris F. et al.",Plum tree 'Emerald Beaut',PLT/184,08/338950,PP09162,6/13/1995,http://www.lib.umd.edu/plantpatents/binaries/09100/pp09162.pdf,http://patft.uspto.gov/netacgi/nph-Parser?patentnumber=PP9162,1,2014-10-26T14:11:38Z,plum,,1995,PP09162 -- Plum tree 'Emerald Beaut'
164,"Dehan, Klara",Aster plant named 'Sungal',PLT/355,08/291700,PP09163,6/13/1995,http://www.lib.umd.edu/plantpatents/binaries/09100/pp09163.pdf,http://patft.uspto.gov/netacgi/nph-Parser?patentnumber=PP9163,1,2014-10-26T14:12:02Z,aster,,1995,PP09163 -- Aster plant named 'Sungal'
165,"Dehan, Klara",Gypsophila plant named 'Magic Gilboa',PLT/354,08/321602,PP09164,6/13/1995,http://www.lib.umd.edu/plantpatents/binaries/09100/pp09164.pdf,http://patft.uspto.gov/netacgi/nph-Parser?patentnumber=PP9164,1,2014-10-26T14:12:48Z,gypsophila,,1995,PP09164 -- Gypsophila plant named 'Magic Gilboa'
166,"van der Knaap, Jacques C. M.",Chrysanthemum plant named 'Red Champion',PLT/286,08/202078,PP09165,6/13/1995,http://www.lib.umd.edu/plantpatents/binaries/09100/pp09165.pdf,http://patft.uspto.gov/netacgi/nph-Parser?patentnumber=PP9165,1,2014-10-26T14:13:28Z,chrysanthemum,,1995,PP09165 -- Chrysanthemum plant named 'Red Champion'
167,"van der Knaap, Jacques C. M.",Chrysanthemum plant named 'Champion',PLT/286,08/202201,PP09166,6/13/1995,http://www.lib.umd.edu/plantpatents/binaries/09100/pp09166.pdf,http://patft.uspto.gov/netacgi/nph-Parser?patentnumber=PP9166,1,2014-10-26T14:13:54Z,chrysanthemum,,1995,PP09166 -- Chrysanthemum plant named 'Champion'
168,"Hofmann, Christa",Variety of geranium named 'Evening Glow',PLT/327,08/334853,PP09167,6/13/1995,http://www.lib.umd.edu/plantpatents/binaries/09100/pp09167.pdf,http://patft.uspto.gov/netacgi/nph-Parser?patentnumber=PP9167,1,2014-10-26T14:14:42Z,geranium,,1995,PP09167 -- Variety of geranium named 'Evening Glow'
169,"Hofmann, Christa",Variety of geranium named 'First Kiss',PLT/325,08/334854,PP09168,6/13/1995,http://www.lib.umd.edu/plantpatents/binaries/09100/pp09168.pdf,http://patft.uspto.gov/netacgi/nph-Parser?patentnumber=PP9168,1,2014-10-26T14:15:20Z,geranium,,1995,PP09168 -- Variety of geranium named 'First Kiss'
170,"Lamb, Ann E. et al.",Anthurium plant named 'Shazzam',PLT/369,08/286237,PP09169,6/13/1995,http://www.lib.umd.edu/plantpatents/binaries/09100/pp09169.pdf,http://patft.uspto.gov/netacgi/nph-Parser?patentnumber=PP9169,2,2014-10-26T14:15:56Z,anthurium,,1995,PP09169 -- Anthurium plant named 'Shazzam'
171,"Van de Meer, Peter J. A.",Hybrid Tea rose plant named Tennessee',PLT/135,08/017668,PP09170,6/20/1995,http://www.lib.umd.edu/plantpatents/binaries/09100/pp09170.pdf,http://patft.uspto.gov/netacgi/nph-Parser?patentnumber=PP9170,1,2014-10-26T14:17:10Z,rose,,1995,PP09170 -- Hybrid Tea rose plant named Tennessee'
172,"Christensen, Jack E.",Floribunda rose plant named JACcofl,PLT/146,08/201240,PP09171,6/20/1995,http://www.lib.umd.edu/plantpatents/binaries/09100/pp09171.pdf,http://patft.uspto.gov/netacgi/nph-Parser?patentnumber=PP9171,1,2014-10-26T14:17:46Z,rose,,1995,PP09171 -- Floribunda rose plant named JACcofl
173,"Christensen, Jack E.",Floribunda rose plant named 'JACsedi',PLT/149,08/281253,PP09172,6/20/1995,http://www.lib.umd.edu/plantpatents/binaries/09100/pp09172.pdf,http://patft.uspto.gov/netacgi/nph-Parser?patentnumber=PP9172,1,2014-10-26T14:18:04Z,rose,,1995,PP09172 -- Floribunda rose plant named 'JACsedi'
174,"Howard, George T.",Apricot tree--Earli Sun cultivar,PLT/186,08/303511,PP09173,6/20/1995,http://www.lib.umd.edu/plantpatents/binaries/09100/pp09173.pdf,http://patft.uspto.gov/netacgi/nph-Parser?patentnumber=PP9173,2,2014-10-26T14:18:50Z,apricot,,1995,PP09173 -- Apricot tree--Earli Sun cultivar
175,"Frederick, Donald G. et al.",Juniper plant--'Loree Dawn' variety,PLT/214,08/298050,PP09174,6/20/1995,http://www.lib.umd.edu/plantpatents/binaries/09100/pp09174.pdf,http://patft.uspto.gov/netacgi/nph-Parser?patentnumber=PP9174,2,2014-10-26T14:19:28Z,juniper,,1995,PP09174 -- Juniper plant--'Loree Dawn' variety
176,"Dehan, Klara",Aster plant named 'Sunsol',PLT/355,08/291699,PP09175,6/20/1995,http://www.lib.umd.edu/plantpatents/binaries/09100/pp09175.pdf,http://patft.uspto.gov/netacgi/nph-Parser?patentnumber=PP9175,1,2014-10-26T14:20:10Z,aster,,1995,PP09175 -- Aster plant named 'Sunsol'
177,"Kustigian, Robert B.",Chrysanthemum plant named 'Yellow Ginger',PLT/289,08/181382,PP09176,6/20/1995,http://www.lib.umd.edu/plantpatents/binaries/09100/pp09176.pdf,http://patft.uspto.gov/netacgi/nph-Parser?patentnumber=PP9176,3,2014-10-26T14:20:34Z,chrysanthemum,,1995,PP09176 -- Chrysanthemum plant named 'Yellow Ginger'
178,"Hrebeniuk, Alexander",Poinsettia plant named 'H-327',PLT/307,08/257102,PP09177,6/20/1995,http://www.lib.umd.edu/plantpatents/binaries/09100/pp09177.pdf,http://patft.uspto.gov/netacgi/nph-Parser?patentnumber=PP9177,2,2014-10-26T14:21:44Z,poinsettia,"One color, one black&white",1995,PP09177 -- Poinsettia plant named 'H-327'
179,"Ogilvie, Ian S.",Shrub rose plant named 'Simon Fraser',PLT/107,08/207028,PP09178,6/27/1995,http://www.lib.umd.edu/plantpatents/binaries/09100/pp09178.pdf,http://patft.uspto.gov/netacgi/nph-Parser?patentnumber=PP9178,4,2014-10-26T14:23:54Z,rose,,1995,PP09178 -- Shrub rose plant named 'Simon Fraser'
180,"Kotobuki, Kazuo et al.",Japanese pear tree 'Hougetsu',PLT/178,08/213595,PP09179,6/27/1995,http://www.lib.umd.edu/plantpatents/binaries/09100/pp09179.pdf,http://patft.uspto.gov/netacgi/nph-Parser?patentnumber=PP9179,6,2014-10-26T14:26:14Z,pear,"Five color, one black&white",1995,PP09179 -- Japanese pear tree 'Hougetsu'
181,"Hoff, Petrus M. M.",Variety of lilium named 'Inzell',PLT/314,08/177335,PP09180,6/27/1995,http://www.lib.umd.edu/plantpatents/binaries/09100/pp09180.pdf,http://patft.uspto.gov/netacgi/nph-Parser?patentnumber=PP9180,1,2014-10-26T14:30:08Z,lilium,,1995,PP09180 -- Variety of lilium named 'Inzell'
182,"Dehan, Klara",Impatiens plant named 'Merengue',PLT/318.4,08/299611,PP09181,6/27/1995,http://www.lib.umd.edu/plantpatents/binaries/09100/pp09181.pdf,http://patft.uspto.gov/netacgi/nph-Parser?patentnumber=PP9181,1,2014-10-26T16:53:44Z,impatiens,,1995,PP09181 -- Impatiens plant named 'Merengue'
183,"Dehan, Klara",Impatiens plant named 'Venus',PLT/318.1,08/299612,PP09182,6/27/1995,http://www.lib.umd.edu/plantpatents/binaries/09100/pp09182.pdf,http://patft.uspto.gov/netacgi/nph-Parser?patentnumber=PP9182,1,2014-10-26T16:55:02Z,impatiens,,1995,PP09182 -- Impatiens plant named 'Venus'
184,"Van Der Meer, Peter J. A.",Hybrid Tea rose plant named 'Selhafnium',PLT/134,08/105358,PP09183,7/4/1995,http://www.lib.umd.edu/plantpatents/binaries/09100/pp09183.pdf,http://patft.uspto.gov/netacgi/nph-Parser?patentnumber=PP9183,2,2014-10-26T16:58:38Z,rose,,1995,PP09183 -- Hybrid Tea rose plant named 'Selhafnium'
185,"van der Meer, Peter J. A.",Hybrid Tea rose plant named 'sellobby',PLT/137,08/105355,PP09184,7/4/1995,http://www.lib.umd.edu/plantpatents/binaries/09100/pp09184.pdf,http://patft.uspto.gov/netacgi/nph-Parser?patentnumber=PP9184,2,2014-10-26T16:59:32Z,rose,,1995,PP09184 -- Hybrid Tea rose plant named 'sellobby'
186,"Van Der Meer, Peter J. A.",Hybrid Tea rose plant named 'Selvanadium',PLT/137,08/105357,PP09185,7/4/1995,http://www.lib.umd.edu/plantpatents/binaries/09100/pp09185.pdf,http://patft.uspto.gov/netacgi/nph-Parser?patentnumber=PP9185,2,2014-10-26T17:01:30Z,rose,,1995,PP09185 -- Hybrid Tea rose plant named 'Selvanadium'
187,"Van Der Meer, Peter J. A.",Hybrid tea rose plant named 'Selcarbonium',PLT/137,08/105359,PP09186,7/4/1995,http://www.lib.umd.edu/plantpatents/binaries/09100/pp09186.pdf,http://patft.uspto.gov/netacgi/nph-Parser?patentnumber=PP9186,2,2014-10-26T17:02:44Z,rose,,1995,PP09186 -- Hybrid tea rose plant named 'Selcarbonium'
188,"Dehan, Klara",Impatiens plant named 'Bingo',PLT/318.3,08/299614,PP09187,7/4/1995,http://www.lib.umd.edu/plantpatents/binaries/09100/pp09187.pdf,http://patft.uspto.gov/netacgi/nph-Parser?patentnumber=PP9187,1,2014-10-26T17:05:22Z,impatiens,,1995,PP09187 -- Impatiens plant named 'Bingo'
189,"Dehan, Klara",Impatiens plant named 'Ballet',PLT/318.2,08/315541,PP09188,7/4/1995,http://www.lib.umd.edu/plantpatents/binaries/09100/pp09188.pdf,http://patft.uspto.gov/netacgi/nph-Parser?patentnumber=PP9188,1,2014-10-26T17:06:02Z,impatiens,,1995,PP09188 -- Impatiens plant named 'Ballet'
190,"Dehan, Klara",Impatiens plant named 'Debka',PLT/318.6,08/315779,PP09189,7/4/1995,http://www.lib.umd.edu/plantpatents/binaries/09100/pp09189.pdf,http://patft.uspto.gov/netacgi/nph-Parser?patentnumber=PP9189,1,2014-10-26T17:06:48Z,impatiens,,1995,PP09189 -- Impatiens plant named 'Debka'
191,"Dehan, Klara",Impatiens plant named 'Syrtaki',PLT/318.6,08/315820,PP09190,7/4/1995,http://www.lib.umd.edu/plantpatents/binaries/09100/pp09190.pdf,http://patft.uspto.gov/netacgi/nph-Parser?patentnumber=PP9190,1,2014-10-26T17:09:26Z,impatiens,,1995,PP09190 -- Impatiens plant named 'Syrtaki'
192,"McGredy, Sam",Shrub rose plant names 'Macoranlem',PLT/102,08/200824,PP09191,7/11/1995,http://www.lib.umd.edu/plantpatents/binaries/09100/pp09191.pdf,http://patft.uspto.gov/netacgi/nph-Parser?patentnumber=PP9191,1,2014-10-26T17:10:32Z,rose,,1995,PP09191 -- Shrub rose plant names 'Macoranlem'
193,"Alston, Frank H.",Pear tree--Concorde variety,PLT/176,08/179352,PP09192,7/11/1995,http://www.lib.umd.edu/plantpatents/binaries/09100/pp09192.pdf,http://patft.uspto.gov/netacgi/nph-Parser?patentnumber=PP9192,2,2014-10-26T17:11:16Z,pear,,1995,PP09192 -- Pear tree--Concorde variety
194,"Crosby, Jeffrey A. et al.",Apple tree named Co-Op 30',PLT/161,08/071239,PP09193,7/11/1995,http://www.lib.umd.edu/plantpatents/binaries/09100/pp09193.pdf,http://patft.uspto.gov/netacgi/nph-Parser?patentnumber=PP9193,2,2014-10-26T17:44:40Z,apple,"One color, one black&white",1995,PP09193 -- Apple tree named Co-Op 30'
195,"Dehan, Klara",Impatiens plant named 'Pinky Gini',PLT/318.6,08/299613,PP09194,7/11/1995,http://www.lib.umd.edu/plantpatents/binaries/09100/pp09194.pdf,http://patft.uspto.gov/netacgi/nph-Parser?patentnumber=PP9194,1,2014-10-26T17:45:36Z,impatiens,,1995,PP09194 -- Impatiens plant named 'Pinky Gini'
196,"Enthoven, Adrianus W. M.",Geranium plant named 'Merisweet',PLT/325,08/217123,PP09195,7/11/1995,http://www.lib.umd.edu/plantpatents/binaries/09100/pp09195.pdf,http://patft.uspto.gov/netacgi/nph-Parser?patentnumber=PP9195,3,2014-10-26T17:46:14Z,geranium,,1995,PP09195 -- Geranium plant named 'Merisweet'
197,"Lamb, Ann E. et al.",Anthurium plant named 'Bubble Gum',PLT/367,08/223047,PP09196,7/11/1995,http://www.lib.umd.edu/plantpatents/binaries/09100/pp09196.pdf,http://patft.uspto.gov/netacgi/nph-Parser?patentnumber=PP9196,1,2014-10-26T17:46:48Z,anthurium,,1995,PP09196 -- Anthurium plant named 'Bubble Gum'
198,"Westerfield, James E.",Hillary's Sweet Lemon' Mint,PLT/259,08/141069,PP09197,7/11/1995,http://www.lib.umd.edu/plantpatents/binaries/09100/pp09197.pdf,http://patft.uspto.gov/netacgi/nph-Parser?patentnumber=PP9197,2,2014-10-26T17:54:16Z,hillary's sweet lemon' mint,,1995,PP09197 -- Hillary's Sweet Lemon' Mint
199,"van der Kooy, W. M.",Hybrid tea rose plant named 'Ruikoowi',PLT/132,08/188132,PP09198,7/18/1995,http://www.lib.umd.edu/plantpatents/binaries/09100/pp09198.pdf,http://patft.uspto.gov/netacgi/nph-Parser?patentnumber=PP9198,2,2014-10-26T17:57:34Z,rose,,1995,PP09198 -- Hybrid tea rose plant named 'Ruikoowi'
200,"Asdoorian, Alan R.",'Island King' peach tree,PLT/197,08/261400,PP09199,7/18/1995,http://www.lib.umd.edu/plantpatents/binaries/09100/pp09199.pdf,http://patft.uspto.gov/netacgi/nph-Parser?patentnumber=PP9199,1,2014-10-26T17:59:02Z,peach,,1995,PP09199 -- 'Island King' peach tree
201,"Pitman, Fabia C.",Ixora plant named Frankie Hipp,PLT/226,08/314392,PP09200,7/18/1995,http://www.lib.umd.edu/plantpatents/binaries/09200/pp09200.pdf,http://patft.uspto.gov/netacgi/nph-Parser?patentnumber=PP9200,2,2014-10-26T17:59:52Z,ixora,,1995,PP09200 -- Ixora plant named Frankie Hipp
202,"Egger, Donald L. et al.",Oriental lily plant named 'Vanity',PLT/315,08/255150,PP09201,7/18/1995,http://www.lib.umd.edu/plantpatents/binaries/09200/pp09201.pdf,http://patft.uspto.gov/netacgi/nph-Parser?patentnumber=PP9201,1,2014-10-26T18:02:08Z,lily,,1995,PP09201 -- Oriental lily plant named 'Vanity'
203,"Hoff, Petrus M. M.",Variety of Lilium named 'Holebt',PLT/314,08/312212,PP09202,7/18/1995,http://www.lib.umd.edu/plantpatents/binaries/09200/pp09202.pdf,http://patft.uspto.gov/netacgi/nph-Parser?patentnumber=PP9202,1,2014-10-26T18:06:54Z,lilium,,1995,PP09202 -- Variety of Lilium named 'Holebt'
204,"Klemm, Siegfried",Geranium named 'Klegrand',PLT/325,08/173419,PP09203,7/18/1995,http://www.lib.umd.edu/plantpatents/binaries/09200/pp09203.pdf,http://patft.uspto.gov/netacgi/nph-Parser?patentnumber=PP9203,1,2014-10-26T18:07:34Z,geranium,,1995,PP09203 -- Geranium named 'Klegrand'
205,"Klemm, Siegfried",Geranium plant 'Klegoes',PLT/325,08/285864,PP09204,7/18/1995,http://www.lib.umd.edu/plantpatents/binaries/09200/pp09204.pdf,http://patft.uspto.gov/netacgi/nph-Parser?patentnumber=PP9204,1,2014-10-26T18:08:36Z,geranium,,1995,PP09204 -- Geranium plant 'Klegoes'
206,"Klemm, Siegfried",Geranium plant 'Klemiga',PLT/329,08/285865,PP09205,7/18/1995,http://www.lib.umd.edu/plantpatents/binaries/09200/pp09205.pdf,http://patft.uspto.gov/netacgi/nph-Parser?patentnumber=PP9205,1,2014-10-26T18:10:20Z,geranium,,1995,PP09205 -- Geranium plant 'Klemiga'
207,"Klemm, Siegfried",Geranium plant 'Klevette',PLT/329,08/285867,PP09206,7/18/1995,http://www.lib.umd.edu/plantpatents/binaries/09200/pp09206.pdf,http://patft.uspto.gov/netacgi/nph-Parser?patentnumber=PP9206,1,2014-10-26T18:10:46Z,geranium,,1995,PP09206 -- Geranium plant 'Klevette'
208,"van Diemen, Hubertus T.",Ficus benjamina plant named 'Wiandi',PLT/211,08/250273,PP09207,7/18/1995,http://www.lib.umd.edu/plantpatents/binaries/09200/pp09207.pdf,http://patft.uspto.gov/netacgi/nph-Parser?patentnumber=PP9207,1,2014-10-26T18:11:26Z,ficus,,1995,PP09207 -- Ficus benjamina plant named 'Wiandi'
209,"Mancino, Charles F.","Buffalograss variety called ""AZ-143""",PLT/391,08/123012,PP09208,7/18/1995,http://www.lib.umd.edu/plantpatents/binaries/09200/pp09208.pdf,http://patft.uspto.gov/netacgi/nph-Parser?patentnumber=PP9208,3,2014-10-26T18:14:42Z,buffalograss,"Two color, one black&white",1995,"PP09208 -- Buffalograss variety called ""AZ-143"""
210,"Meier, Virgil D. et al.",'BA 73-381' Kentucky bluegrass,PLT/393,08/308699,PP09209,7/18/1995,http://www.lib.umd.edu/plantpatents/binaries/09200/pp09209.pdf,http://patft.uspto.gov/netacgi/nph-Parser?patentnumber=PP9209,1,2014-10-26T18:18:10Z,kentucky bluegrass,,1995,PP09209 -- 'BA 73-381' Kentucky bluegrass
211,"Svejda, Felicitas J.",Shrub rose plant named 'Frontenac',PLT/107,08/215590,PP09210,7/25/1995,http://www.lib.umd.edu/plantpatents/binaries/09200/pp09210.pdf,http://patft.uspto.gov/netacgi/nph-Parser?patentnumber=PP9210,4,2014-10-26T18:33:36Z,rose,,1995,PP09210 -- Shrub rose plant named 'Frontenac'
212,"Fryer, Gareth",Shrub rose plant named 'Frytrooper',PLT/108,08/185707,PP09211,7/25/1995,http://www.lib.umd.edu/plantpatents/binaries/09200/pp09211.pdf,http://patft.uspto.gov/netacgi/nph-Parser?patentnumber=PP9211,1,2014-10-26T18:48:50Z,rose,,1995,PP09211 -- Shrub rose plant named 'Frytrooper'
213,"Trees, Scott C.",New Guinea Impatiens named Raspberry Rose,PLT/318.6,08/338155,PP09212,7/25/1995,http://www.lib.umd.edu/plantpatents/binaries/09200/pp09212.pdf,http://patft.uspto.gov/netacgi/nph-Parser?patentnumber=PP9212,1,2014-10-26T18:50:00Z,impatiens,,1995,PP09212 -- New Guinea Impatiens named Raspberry Rose
214,"Trees, Scott C.",New Guinea Impatiens named 'BFP-397 Light Salmon',PLT/318.4,08/338154,PP09213,7/25/1995,http://www.lib.umd.edu/plantpatents/binaries/09200/pp09213.pdf,http://patft.uspto.gov/netacgi/nph-Parser?patentnumber=PP9213,1,2014-10-26T18:55:42Z,impatiens,,1995,PP09213 -- New Guinea Impatiens named 'BFP-397 Light Salmon'
215,"Trees, Scott C.",New Guinea Impatiens named BFP-364 Deep Coral,PLT/318.5,08/338162,PP09214,7/25/1995,http://www.lib.umd.edu/plantpatents/binaries/09200/pp09214.pdf,http://patft.uspto.gov/netacgi/nph-Parser?patentnumber=PP9214,1,2014-10-26T18:58:42Z,impatiens,,1995,PP09214 -- New Guinea Impatiens named BFP-364 Deep Coral
216,"Klemm, Siegfried",Geranium plant Klespri,PLT/330,08/285866,PP09215,7/25/1995,http://www.lib.umd.edu/plantpatents/binaries/09200/pp09215.pdf,http://patft.uspto.gov/netacgi/nph-Parser?patentnumber=PP9215,1,2014-10-26T18:59:02Z,geranium,,1995,PP09215 -- Geranium plant Klespri
217,"Klemm, Siegfried",Geranium plant 'Kleirro',PLT/329,08/286014,PP09216,7/25/1995,http://www.lib.umd.edu/plantpatents/binaries/09200/pp09216.pdf,http://patft.uspto.gov/netacgi/nph-Parser?patentnumber=PP9216,1,2014-10-26T18:59:26Z,geranium,,1995,PP09216 -- Geranium plant 'Kleirro'
218,"Trees, Scott C.",Geranium plant named 'BFP-721 Bright Lilac',PLT/329,08/341991,PP09217,7/25/1995,http://www.lib.umd.edu/plantpatents/binaries/09200/pp09217.pdf,http://patft.uspto.gov/netacgi/nph-Parser?patentnumber=PP9217,1,2014-10-26T19:01:02Z,geranium,,1995,PP09217 -- Geranium plant named 'BFP-721 Bright Lilac'
219,"Trees, Scott C.",Geranium plant named Pink Heart,PLT/325,08/341910,PP09218,7/25/1995,http://www.lib.umd.edu/plantpatents/binaries/09200/pp09218.pdf,http://patft.uspto.gov/netacgi/nph-Parser?patentnumber=PP9218,1,2014-10-26T19:04:56Z,geranium,,1995,PP09218 -- Geranium plant named Pink Heart
220,"Trees, Scott C.",Geranium plant named BFP-420 Bright Red,PLT/330,08/341912,PP09219,7/25/1995,http://www.lib.umd.edu/plantpatents/binaries/09200/pp09219.pdf,http://patft.uspto.gov/netacgi/nph-Parser?patentnumber=PP9219,1,2014-10-26T19:06:34Z,geranium,,1995,PP09219 -- Geranium plant named BFP-420 Bright Red
221,"van der Knaap, Eduard J. M.",Dieffenbachia plant 'Maroba' cultivar,PLT/378,08/258994,PP09220,7/25/1995,http://www.lib.umd.edu/plantpatents/binaries/09200/pp09220.pdf,http://patft.uspto.gov/netacgi/nph-Parser?patentnumber=PP9220,1,2014-10-30T17:00:06Z,dieffenbachia,,1995,PP09220 -- Dieffenbachia plant 'Maroba' cultivar
222,"DeRoose, Reginald",Cordyline plant named 'Katrijn',PLT/370,08/310476,PP09221,7/25/1995,http://www.lib.umd.edu/plantpatents/binaries/09200/pp09221.pdf,http://patft.uspto.gov/netacgi/nph-Parser?patentnumber=PP9221,1,2014-10-30T17:02:42Z,cordyline,,1995,PP09221 -- Cordyline plant named 'Katrijn'
223,"Svejda, Felicitas J.",Shrub rose plant named 'Louis Jolliet',PLT/107,08/215825,PP09222,8/1/1995,http://www.lib.umd.edu/plantpatents/binaries/09200/pp09222.pdf,http://patft.uspto.gov/netacgi/nph-Parser?patentnumber=PP9222,4,2014-10-30T17:10:28Z,rose,,1995,PP09222 -- Shrub rose plant named 'Louis Jolliet'
224,"Meilland, Alain A.",Hybrid tea rose plant named 'Meigafor',PLT/134,08/314388,PP09223,8/1/1995,http://www.lib.umd.edu/plantpatents/binaries/09200/pp09223.pdf,http://patft.uspto.gov/netacgi/nph-Parser?patentnumber=PP9223,1,2014-10-30T17:23:10Z,rose,,1995,PP09223 -- Hybrid tea rose plant named 'Meigafor'
225,"Ison, William G.",'Late Fry' muscadine grape,PLT/206,08/241726,PP09224,8/1/1995,http://www.lib.umd.edu/plantpatents/binaries/09200/pp09224.pdf,http://patft.uspto.gov/netacgi/nph-Parser?patentnumber=PP9224,2,2014-10-30T17:25:12Z,grape,,1995,PP09224 -- 'Late Fry' muscadine grape
226,"Ison, William G.",Muscadine grape 'Early Fry',PLT/206,08/241750,PP09225,8/1/1995,http://www.lib.umd.edu/plantpatents/binaries/09200/pp09225.pdf,http://patft.uspto.gov/netacgi/nph-Parser?patentnumber=PP9225,1,2014-10-30T17:27:42Z,grape,,1995,PP09225 -- Muscadine grape 'Early Fry'
227,"Dehan, Klara",Impatiens plant named Blues,PLT/318.4,08/315811,PP09226,8/1/1995,http://www.lib.umd.edu/plantpatents/binaries/09200/pp09226.pdf,http://patft.uspto.gov/netacgi/nph-Parser?patentnumber=PP9226,1,2014-10-30T17:30:24Z,impatiens,,1995,PP09226 -- Impatiens plant named Blues
228,"Dehan, Klara",Impatiens plant named Rock,PLT/318.6,08/316093,PP09227,8/1/1995,http://www.lib.umd.edu/plantpatents/binaries/09200/pp09227.pdf,http://patft.uspto.gov/netacgi/nph-Parser?patentnumber=PP9227,1,2014-10-30T17:41:16Z,impatiens,,1995,PP09227 -- Impatiens plant named Rock
229,"Trees, Scott C.",Geranium plant named BFP-445 Salmon,PLT/327,08/341911,PP09228,8/1/1995,http://www.lib.umd.edu/plantpatents/binaries/09200/pp09228.pdf,http://patft.uspto.gov/netacgi/nph-Parser?patentnumber=PP9228,1,2014-10-30T17:41:42Z,geranium,,1995,PP09228 -- Geranium plant named BFP-445 Salmon
230,"Trees, Scott C.",Geranium plant named 'Starburst Red',PLT/325,08/341913,PP09229,8/1/1995,http://www.lib.umd.edu/plantpatents/binaries/09200/pp09229.pdf,http://patft.uspto.gov/netacgi/nph-Parser?patentnumber=PP9229,2,2014-10-30T17:42:12Z,geranium,,1995,PP09229 -- Geranium plant named 'Starburst Red'
231,"Trees, Scott C.",Geranium plant named 'BFP-285 Pink Parfait',PLT/325,08/341914,PP09230,8/1/1995,http://www.lib.umd.edu/plantpatents/binaries/09200/pp09230.pdf,http://patft.uspto.gov/netacgi/nph-Parser?patentnumber=PP9230,1,2014-10-30T17:42:36Z,geranium,,1995,PP09230 -- Geranium plant named 'BFP-285 Pink Parfait'
232,"Trees, Scott C.",Geranium plant named 'Pink Pearl',PLT/325,08/341915,PP09231,8/1/1995,http://www.lib.umd.edu/plantpatents/binaries/09200/pp09231.pdf,http://patft.uspto.gov/netacgi/nph-Parser?patentnumber=PP9231,1,2014-10-30T17:43:22Z,geranium,,1995,PP09231 -- Geranium plant named 'Pink Pearl'
233,"Svejda, Felicitas J.",Shrub rose plant named 'Captain Samuel Holland',PLT/108,08/215824,PP09232,8/8/1995,http://www.lib.umd.edu/plantpatents/binaries/09200/pp09232.pdf,http://patft.uspto.gov/netacgi/nph-Parser?patentnumber=PP9232,4,2014-10-30T17:44:24Z,rose,,1995,PP09232 -- Shrub rose plant named 'Captain Samuel Holland'
234,"Meilland, Alain A.",Shrub climbing rose plant named 'Meitosier',PLT/112,08/314389,PP09233,8/8/1995,http://www.lib.umd.edu/plantpatents/binaries/09200/pp09233.pdf,http://patft.uspto.gov/netacgi/nph-Parser?patentnumber=PP9233,1,2014-10-30T17:44:50Z,rose,,1995,PP09233 -- Shrub climbing rose plant named 'Meitosier'
235,"Wyckoff, Gilbert R.",Hybrid tea rose plant named 'Hawaiian Queen Martha',PLT/130,08/280202,PP09234,8/8/1995,http://www.lib.umd.edu/plantpatents/binaries/09200/pp09234.pdf,http://patft.uspto.gov/netacgi/nph-Parser?patentnumber=PP9234,3,2014-10-30T17:45:26Z,rose,,1995,PP09234 -- Hybrid tea rose plant named 'Hawaiian Queen Martha'
236,"Okudai, Naomi et al.",Citrus tree 'Ariake',PLT/201,08/214167,PP09235,8/8/1995,http://www.lib.umd.edu/plantpatents/binaries/09200/pp09235.pdf,http://patft.uspto.gov/netacgi/nph-Parser?patentnumber=PP9235,5,2014-10-30T17:46:14Z,citrus,"Four color, one black&white",1995,PP09235 -- Citrus tree 'Ariake'
237,"Dehan, Klara",Impatiens plant named Twist,PLT/318.6,08/316094,PP09236,8/8/1995,http://www.lib.umd.edu/plantpatents/binaries/09200/pp09236.pdf,http://patft.uspto.gov/netacgi/nph-Parser?patentnumber=PP9236,1,2014-10-30T17:46:36Z,impatiens,,1995,PP09236 -- Impatiens plant named Twist
238,"Klemm, Siegfried",Geranium plant 'Klehisp',PLT/330,08/286013,PP09237,8/8/1995,http://www.lib.umd.edu/plantpatents/binaries/09200/pp09237.pdf,http://patft.uspto.gov/netacgi/nph-Parser?patentnumber=PP9237,1,2014-10-30T17:47:06Z,geranium,,1995,PP09237 -- Geranium plant 'Klehisp'
239,"Tas, Wim P.",Maidenhair fern plant named 'Bronze Venus',PLT/379,08/321823,PP09238,8/8/1995,http://www.lib.umd.edu/plantpatents/binaries/09200/pp09238.pdf,http://patft.uspto.gov/netacgi/nph-Parser?patentnumber=PP9238,1,2014-10-30T17:47:54Z,fern,,1995,PP09238 -- Maidenhair fern plant named 'Bronze Venus'
240,"McGredy, Sam",Hybrid tea rose plant named 'Macspeego',PLT/131,08/215291,PP09239,8/15/1995,http://www.lib.umd.edu/plantpatents/binaries/09200/pp09239.pdf,http://patft.uspto.gov/netacgi/nph-Parser?patentnumber=PP9239,1,2014-10-30T17:48:36Z,rose,,1995,PP09239 -- Hybrid tea rose plant named 'Macspeego'
241,"Ito, Tracy",Nectarine tree 'Summer Jim',PLT/190,08/287291,PP09240,8/15/1995,http://www.lib.umd.edu/plantpatents/binaries/09200/pp09240.pdf,http://patft.uspto.gov/netacgi/nph-Parser?patentnumber=PP9240,1,2014-10-30T17:49:16Z,nectarine,,1995,PP09240 -- Nectarine tree 'Summer Jim'
242,"Green, Scott E.",'Green Diamond' Navel,PLT/202,08/259637,PP09241,8/15/1995,http://www.lib.umd.edu/plantpatents/binaries/09200/pp09241.pdf,http://patft.uspto.gov/netacgi/nph-Parser?patentnumber=PP9241,2,2014-10-30T17:49:44Z,navel,,1995,PP09241 -- 'Green Diamond' Navel
243,"Cowles, Peter et al.",'Pearl Street' pistache,PLT/216,08/320132,PP09242,8/15/1995,http://www.lib.umd.edu/plantpatents/binaries/09200/pp09242.pdf,http://patft.uspto.gov/netacgi/nph-Parser?patentnumber=PP9242,3,2014-10-30T17:50:16Z,pistache,,1995,PP09242 -- 'Pearl Street' pistache
244,"Barbour, John",Magnolia grandiflora named 'Mgtig',PLT/223,08/313005,PP09243,8/15/1995,http://www.lib.umd.edu/plantpatents/binaries/09200/pp09243.pdf,http://patft.uspto.gov/netacgi/nph-Parser?patentnumber=PP9243,1,2014-10-30T17:50:40Z,magnolia,,1995,PP09243 -- Magnolia grandiflora named 'Mgtig'
245,"Fruehwirth, Franz",Poinsettia plant '718',PLT/307,08/253961,PP09244,8/15/1995,http://www.lib.umd.edu/plantpatents/binaries/09200/pp09244.pdf,http://patft.uspto.gov/netacgi/nph-Parser?patentnumber=PP9244,1,2014-10-30T17:51:20Z,poinsettia,,1995,PP09244 -- Poinsettia plant '718'
246,"Egger, Donald L.",Longiflorum.times.Asiatic hybrid lily plant named 'Ceb Glow',PLT/313,08/333257,PP09245,8/15/1995,http://www.lib.umd.edu/plantpatents/binaries/09200/pp09245.pdf,http://patft.uspto.gov/netacgi/nph-Parser?patentnumber=PP9245,1,2014-10-30T17:51:44Z,lily,,1995,PP09245 -- Longiflorum.times.Asiatic hybrid lily plant named 'Ceb Glow'
247,"Egger, Donald L.",Longiflorum.times.Asiatic hybrid lily plant named 'Ceb Dream',PLT/313,08/333492,PP09246,8/15/1995,http://www.lib.umd.edu/plantpatents/binaries/09200/pp09246.pdf,http://patft.uspto.gov/netacgi/nph-Parser?patentnumber=PP9246,1,2014-10-30T17:52:10Z,lily,,1995,PP09246 -- Longiflorum.times.Asiatic hybrid lily plant named 'Ceb Dream'
248,"Egger, Donald L.",Longiflorum.times.Asiatic hybrid lily plant named 'Ceb Beauty',PLT/313,08/333493,PP09247,8/15/1995,http://www.lib.umd.edu/plantpatents/binaries/09200/pp09247.pdf,http://patft.uspto.gov/netacgi/nph-Parser?patentnumber=PP9247,1,2014-10-30T17:52:26Z,lily,,1995,PP09247 -- Longiflorum.times.Asiatic hybrid lily plant named 'Ceb Beauty'
249,"Egger, Donald L.",Longiflorum.times.Asiatic hybrid lily plant named 'Ceb Wine',PLT/313,08/333494,PP09248,8/15/1995,http://www.lib.umd.edu/plantpatents/binaries/09200/pp09248.pdf,http://patft.uspto.gov/netacgi/nph-Parser?patentnumber=PP9248,1,2014-10-30T17:52:50Z,lily,,1995,PP09248 -- Longiflorum.times.Asiatic hybrid lily plant named 'Ceb Wine'
250,"Egger, Donald L.",Longiflorum.times.Asiatic hybrid lily plant named 'Ceb Sun',PLT/313,08/333495,PP09249,8/15/1995,http://www.lib.umd.edu/plantpatents/binaries/09200/pp09249.pdf,http://patft.uspto.gov/netacgi/nph-Parser?patentnumber=PP9249,1,2014-10-30T17:53:20Z,lily,,1995,PP09249 -- Longiflorum.times.Asiatic hybrid lily plant named 'Ceb Sun'
251,"Egger, Donald L.",Longiflorum.times.Asiatic hybrid lily plant named 'Ceb Magic',PLT/313,08/333502,PP09250,8/15/1995,http://www.lib.umd.edu/plantpatents/binaries/09200/pp09250.pdf,http://patft.uspto.gov/netacgi/nph-Parser?patentnumber=PP9250,1,2014-10-30T17:53:40Z,lily,,1995,PP09250 -- Longiflorum.times.Asiatic hybrid lily plant named 'Ceb Magic'
252,"Meilland, Alain A.",Shrub rose plant named 'Meirumour',PLT/108,08/314390,PP09251,8/22/1995,http://www.lib.umd.edu/plantpatents/binaries/09200/pp09251.pdf,http://patft.uspto.gov/netacgi/nph-Parser?patentnumber=PP9251,1,2014-10-30T17:54:18Z,rose,,1995,PP09251 -- Shrub rose plant named 'Meirumour'
253,"Meilland, Alain A.",Hybrid tea rose plant named 'Meisoyris',PLT/139,08/283801,PP09253,8/22/1995,http://www.lib.umd.edu/plantpatents/binaries/09200/pp09253.pdf,http://patft.uspto.gov/netacgi/nph-Parser?patentnumber=PP9253,1,2014-10-30T17:55:28Z,rose,,1995,PP09253 -- Hybrid tea rose plant named 'Meisoyris'
254,"Zaiger, Chris F. et al.",Interspecific tree named 'Dapple Dandy',PLT/180,08/345641,PP09254,8/22/1995,http://www.lib.umd.edu/plantpatents/binaries/09200/pp09254.pdf,http://patft.uspto.gov/netacgi/nph-Parser?patentnumber=PP9254,1,2014-10-30T17:55:52Z,interspecific,,1995,PP09254 -- Interspecific tree named 'Dapple Dandy'
255,"Goffreda, Joseph C.",Apricot tree 'NJA53',PLT/186,07/978428,PP09255,8/22/1995,http://www.lib.umd.edu/plantpatents/binaries/09200/pp09255.pdf,http://patft.uspto.gov/netacgi/nph-Parser?patentnumber=PP9255,1,2014-10-30T17:56:34Z,apricot,,1995,PP09255 -- Apricot tree 'NJA53'
256,"Felker, Peter et al.",Texas native thornless mesquite 'Beth',PLT/216,08/126875,PP09256,8/22/1995,http://www.lib.umd.edu/plantpatents/binaries/09200/pp09256.pdf,http://patft.uspto.gov/netacgi/nph-Parser?patentnumber=PP9256,5,2014-10-30T17:57:12Z,mesquite,,1995,PP09256 -- Texas native thornless mesquite 'Beth'
257,"Dehan, Klara",Gypsophila plant named 'Magic Golan',PLT/354,08/321601,PP09257,8/22/1995,http://www.lib.umd.edu/plantpatents/binaries/09200/pp09257.pdf,http://patft.uspto.gov/netacgi/nph-Parser?patentnumber=PP9257,1,2014-10-30T17:57:38Z,gypsophila,,1995,PP09257 -- Gypsophila plant named 'Magic Golan'
258,"Hoff, Petrus M. M.",Variety of lilium named 'Holeca',PLT/314,08/312211,PP09258,8/22/1995,http://www.lib.umd.edu/plantpatents/binaries/09200/pp09258.pdf,http://patft.uspto.gov/netacgi/nph-Parser?patentnumber=PP9258,1,2014-10-30T17:57:58Z,lilium,,1995,PP09258 -- Variety of lilium named 'Holeca'
259,"Mantel, Homme",Lilium 'Ballerina',PLT/314,08/358139,PP09259,8/22/1995,http://www.lib.umd.edu/plantpatents/binaries/09200/pp09259.pdf,http://patft.uspto.gov/netacgi/nph-Parser?patentnumber=PP9259,1,2014-10-30T17:58:32Z,lilium,,1995,PP09259 -- Lilium 'Ballerina'
260,"Aharoni, Miriam",Fern plant named Delila,PLT/379,08/257101,PP09260,8/22/1995,http://www.lib.umd.edu/plantpatents/binaries/09200/pp09260.pdf,http://patft.uspto.gov/netacgi/nph-Parser?patentnumber=PP9260,2,2014-10-30T17:59:04Z,fern,,1995,PP09260 -- Fern plant named Delila
261,"Olesen, Pernille et al.",Shrub rose plant named 'Poulma',PLT/107,08/310805,PP09261,8/29/1995,http://www.lib.umd.edu/plantpatents/binaries/09200/pp09261.pdf,http://patft.uspto.gov/netacgi/nph-Parser?patentnumber=PP9261,1,2014-10-30T17:59:36Z,rose,,1995,PP09261 -- Shrub rose plant named 'Poulma'
262,"Meilland, Alain A.",Hybrid tea rose plant named 'Meisinplox',PLT/134,08/314391,PP09262,8/29/1995,http://www.lib.umd.edu/plantpatents/binaries/09200/pp09262.pdf,http://patft.uspto.gov/netacgi/nph-Parser?patentnumber=PP9262,1,2014-10-30T18:00:10Z,rose,,1995,PP09262 -- Hybrid tea rose plant named 'Meisinplox'
263,"Pollok, Zenith E.",Nectarine tree -- 'Pollok' cultivar,PLT/192,08/348177,PP09263,8/29/1995,http://www.lib.umd.edu/plantpatents/binaries/09200/pp09263.pdf,http://patft.uspto.gov/netacgi/nph-Parser?patentnumber=PP9263,2,2014-10-30T18:00:48Z,nectarine,,1995,PP09263 -- Nectarine tree -- 'Pollok' cultivar
264,"Chamberlain, Thomas O.",Nectarine tree--'Scarlet Sun' cultivar,PLT/192,08/352869,PP09264,8/29/1995,http://www.lib.umd.edu/plantpatents/binaries/09200/pp09264.pdf,http://patft.uspto.gov/netacgi/nph-Parser?patentnumber=PP9264,1,2014-10-30T18:01:08Z,nectarine,,1995,PP09264 -- Nectarine tree--'Scarlet Sun' cultivar
265,"Preil, Walter et al.",Rhododendron Rhodunter 10,PLT/238,08/160576,PP09265,8/29/1995,http://www.lib.umd.edu/plantpatents/binaries/09200/pp09265.pdf,http://patft.uspto.gov/netacgi/nph-Parser?patentnumber=PP9265,1,2014-10-30T18:01:40Z,rhododendron,,1995,PP09265 -- Rhododendron Rhodunter 10
266,"Jessel, Jr., Walter H.",Carnation plant named 'CFPC Nugget',PLT/275,08/315134,PP09266,8/29/1995,http://www.lib.umd.edu/plantpatents/binaries/09200/pp09266.pdf,http://patft.uspto.gov/netacgi/nph-Parser?patentnumber=PP9266,1,2014-10-30T18:02:32Z,carnation,,1995,PP09266 -- Carnation plant named 'CFPC Nugget'
267,"Jessel, Jr., Walter H.",Carnation plant named 'CFPC Cotillion',PLT/276,08/315132,PP09267,8/29/1995,http://www.lib.umd.edu/plantpatents/binaries/09200/pp09267.pdf,http://patft.uspto.gov/netacgi/nph-Parser?patentnumber=PP9267,1,2014-10-30T18:03:14Z,carnation,,1995,PP09267 -- Carnation plant named 'CFPC Cotillion'
268,"Jessel, Jr., Walter H.",Carnation plant named 'CFPC Dart',PLT/278,08/315133,PP09268,8/29/1995,http://www.lib.umd.edu/plantpatents/binaries/09200/pp09268.pdf,http://patft.uspto.gov/netacgi/nph-Parser?patentnumber=PP9268,1,2014-10-30T18:03:38Z,carnation,,1995,PP09268 -- Carnation plant named 'CFPC Dart'
269,"Jessel, Jr., Walter H.",Carnation plant named 'CFPC Fresco',PLT/278,D/315135,PP09269,8/29/1995,http://www.lib.umd.edu/plantpatents/binaries/09200/pp09269.pdf,http://patft.uspto.gov/netacgi/nph-Parser?patentnumber=PP9269,1,2014-10-30T18:04:02Z,carnation,,1995,PP09269 -- Carnation plant named 'CFPC Fresco'
270,"Archer, Lenzie",Verbena plant 'L. Archer',PLT/308,08/265469,PP09270,8/29/1995,http://www.lib.umd.edu/plantpatents/binaries/09200/pp09270.pdf,http://patft.uspto.gov/netacgi/nph-Parser?patentnumber=PP9270,2,2014-10-30T18:04:26Z,verbena,,1995,PP09270 -- Verbena plant 'L. Archer'
271,"Hoff, Petrus M. M.",Variety of Lilium named 'Holeby',PLT/314,08/312213,PP09271,8/29/1995,http://www.lib.umd.edu/plantpatents/binaries/09200/pp09271.pdf,http://patft.uspto.gov/netacgi/nph-Parser?patentnumber=PP9271,1,2014-10-30T18:04:58Z,lilium,,1995,PP09271 -- Variety of Lilium named 'Holeby'
272,"Trees, Scott C.",New Guinea impatiens named 'BFP-347 Red',PLT/318.7,08/337529,PP09272,8/29/1995,http://www.lib.umd.edu/plantpatents/binaries/09200/pp09272.pdf,http://patft.uspto.gov/netacgi/nph-Parser?patentnumber=PP9272,1,2014-10-30T18:05:16Z,impatiens,,1995,PP09272 -- New Guinea impatiens named 'BFP-347 Red'
273,"Olesen, Pernille et al.",Miniature rose plant named 'Poullen',PLT/121,08/310712,PP09273,9/5/1995,http://www.lib.umd.edu/plantpatents/binaries/09200/pp09273.pdf,http://patft.uspto.gov/netacgi/nph-Parser?patentnumber=PP9273,1,2014-10-30T18:08:06Z,rose,,1995,PP09273 -- Miniature rose plant named 'Poullen'
274,"Olesen, Pernille et al.",Hybrid Tea rose plant named 'Poulart',PLT/133,08/310713,PP09274,9/5/1995,http://www.lib.umd.edu/plantpatents/binaries/09200/pp09274.pdf,http://patft.uspto.gov/netacgi/nph-Parser?patentnumber=PP9274,1,2014-10-30T18:08:22Z,rose,,1995,PP09274 -- Hybrid Tea rose plant named 'Poulart'
275,"McGredy, Sam",Floribunda rose plant named 'Maccarlto',PLT/148,08/210325,PP09275,9/5/1995,http://www.lib.umd.edu/plantpatents/binaries/09200/pp09275.pdf,http://patft.uspto.gov/netacgi/nph-Parser?patentnumber=PP9275,1,2014-10-30T18:08:46Z,rose,,1995,PP09275 -- Floribunda rose plant named 'Maccarlto'
276,"Cole, Douglas S.",Impatiens plant named 'Pink Ice',PLT/317,08/262492,PP09276,9/5/1995,http://www.lib.umd.edu/plantpatents/binaries/09200/pp09276.pdf,http://patft.uspto.gov/netacgi/nph-Parser?patentnumber=PP9276,1,2014-10-30T18:09:56Z,impatiens,,1995,PP09276 -- Impatiens plant named 'Pink Ice'
277,"Dehan, Klara",Impatiens plant named 'Twiny Gini',PLT/318.1,08/298980,PP09277,9/5/1995,http://www.lib.umd.edu/plantpatents/binaries/09200/pp09277.pdf,http://patft.uspto.gov/netacgi/nph-Parser?patentnumber=PP9277,1,2014-10-30T18:10:18Z,impatiens,,1995,PP09277 -- Impatiens plant named 'Twiny Gini'
278,"Trees, Scott C.",New Guinea Impatiens named 'Light Lavender II',PLT/318.6,08/337530,PP09278,9/5/1995,http://www.lib.umd.edu/plantpatents/binaries/09200/pp09278.pdf,http://patft.uspto.gov/netacgi/nph-Parser?patentnumber=PP9278,1,2014-10-30T18:10:44Z,impatiens,,1995,PP09278 -- New Guinea Impatiens named 'Light Lavender II'
279,"Laver, Keith G.",Miniature rose plant named 'LAVsnower',PLT/117,08/293550,PP09279,9/12/1995,http://www.lib.umd.edu/plantpatents/binaries/09200/pp09279.pdf,http://patft.uspto.gov/netacgi/nph-Parser?patentnumber=PP9279,1,2014-10-30T18:11:20Z,rose,,1995,PP09279 -- Miniature rose plant named 'LAVsnower'
280,"Olesen, Mogens N. et al.",Miniature rose plant named 'POULbian',PLT/117,08/310257,PP09280,9/12/1995,http://www.lib.umd.edu/plantpatents/binaries/09200/pp09280.pdf,http://patft.uspto.gov/netacgi/nph-Parser?patentnumber=PP9280,1,2014-10-30T18:11:50Z,rose,,1995,PP09280 -- Miniature rose plant named 'POULbian'
281,"Olesen, Mogens N. et al.",Miniature rose plant named 'POULtory',PLT/122,08/150454,PP09281,9/12/1995,http://www.lib.umd.edu/plantpatents/binaries/09200/pp09281.pdf,http://patft.uspto.gov/netacgi/nph-Parser?patentnumber=PP9281,1,2014-10-30T18:12:08Z,rose,,1995,PP09281 -- Miniature rose plant named 'POULtory'
282,"Kahl, Marvin et al.",Almond tree (Kahl),PLT/155,08/237768,PP09282,9/12/1995,http://www.lib.umd.edu/plantpatents/binaries/09200/pp09282.pdf,http://patft.uspto.gov/netacgi/nph-Parser?patentnumber=PP9282,1,2014-10-30T18:12:34Z,almond,,1995,PP09282 -- Almond tree (Kahl)
283,"Schmidt, James F.",Cornus kousa (dogwood) tree: 'Schmred',PLT/220,08/311555,PP09283,9/12/1995,http://www.lib.umd.edu/plantpatents/binaries/09200/pp09283.pdf,http://patft.uspto.gov/netacgi/nph-Parser?patentnumber=PP9283,1,2014-10-30T18:13:02Z,cornus kousa,,1995,PP09283 -- Cornus kousa (dogwood) tree: 'Schmred'
284,"Machin, Barrie J.",Chrysanthemum plant named 'Dark Enamour',PLT/286,08/254054,PP09284,9/12/1995,http://www.lib.umd.edu/plantpatents/binaries/09200/pp09284.pdf,http://patft.uspto.gov/netacgi/nph-Parser?patentnumber=PP9284,3,2014-10-30T18:13:42Z,chrysanthemum,"One color, two black&white",1995,PP09284 -- Chrysanthemum plant named 'Dark Enamour'
285,"Machin, Barrie J.",Chrysanthemum plant named 'Enamour',PLT/297,08/254265,PP09285,9/12/1995,http://www.lib.umd.edu/plantpatents/binaries/09200/pp09285.pdf,http://patft.uspto.gov/netacgi/nph-Parser?patentnumber=PP9285,3,2014-10-30T18:14:22Z,chrysanthemum,"One color, two black&white",1995,PP09285 -- Chrysanthemum plant named 'Enamour'
286,"Cole, Douglas S.",Impatiens plant named 'Raspberry Ice',PLT/317,08/262491,PP09286,9/12/1995,http://www.lib.umd.edu/plantpatents/binaries/09200/pp09286.pdf,http://patft.uspto.gov/netacgi/nph-Parser?patentnumber=PP9286,1,2014-10-30T18:14:46Z,impatiens,,1995,PP09286 -- Impatiens plant named 'Raspberry Ice'
287,"Hofmann, Christa",Variety of geranium named 'L'amour',PLT/325,08/334852,PP09287,9/12/1995,http://www.lib.umd.edu/plantpatents/binaries/09200/pp09287.pdf,http://patft.uspto.gov/netacgi/nph-Parser?patentnumber=PP9287,1,2014-10-30T18:15:42Z,geranium,,1995,PP09287 -- Variety of geranium named 'L'amour'
288,"DeVor, William",Climbing hybrid tea rose plant named 'Devbill',PLT/114,08/310711,PP09288,9/19/1995,http://www.lib.umd.edu/plantpatents/binaries/09200/pp09288.pdf,http://patft.uspto.gov/netacgi/nph-Parser?patentnumber=PP9288,1,2014-10-30T18:16:48Z,rose,,1995,PP09288 -- Climbing hybrid tea rose plant named 'Devbill'
289,"Wathen, Evan H.",Hybrid Tea Rose plant named 'Wekslats',PLT/137,08/303483,PP09289,9/19/1995,http://www.lib.umd.edu/plantpatents/binaries/09200/pp09289.pdf,http://patft.uspto.gov/netacgi/nph-Parser?patentnumber=PP9289,1,2014-10-30T18:17:16Z,rose,,1995,PP09289 -- Hybrid Tea Rose plant named 'Wekslats'
290,"Olesen, Mogens N.",Clematis named 'vino',PLT/228,08/331038,PP09290,9/19/1995,http://www.lib.umd.edu/plantpatents/binaries/09200/pp09290.pdf,http://patft.uspto.gov/netacgi/nph-Parser?patentnumber=PP9290,1,2014-10-30T18:17:44Z,clematis,,1995,PP09290 -- Clematis named 'vino'
291,"Dehan, Klara",Aster plant named 'Sunstar',PLT/355,08/291697,PP09291,9/19/1995,http://www.lib.umd.edu/plantpatents/binaries/09200/pp09291.pdf,http://patft.uspto.gov/netacgi/nph-Parser?patentnumber=PP9291,1,2014-10-30T18:18:26Z,aster,,1995,PP09291 -- Aster plant named 'Sunstar'
292,"Falstad, III, Clarence H.",Leucanthemum.times.superbum named 'Barbara Bush',PLT/285,08/184999,PP09292,9/19/1995,http://www.lib.umd.edu/plantpatents/binaries/09200/pp09292.pdf,http://patft.uspto.gov/netacgi/nph-Parser?patentnumber=PP9292,2,2014-10-30T18:19:18Z,leucanthemum,,1995,PP09292 -- Leucanthemum.times.superbum named 'Barbara Bush'
293,"van Andel, Jacob",Pot freesia variety named 'Vapopey',PLT/299,08/331035,PP09293,9/19/1995,http://www.lib.umd.edu/plantpatents/binaries/09200/pp09293.pdf,http://patft.uspto.gov/netacgi/nph-Parser?patentnumber=PP9293,1,2014-10-30T18:20:00Z,pot freesia,,1995,PP09293 -- Pot freesia variety named 'Vapopey'
294,"van Andel, Jacob",Pot freesia variety named 'Vaposma',PLT/299,08/331036,PP09294,9/19/1995,http://www.lib.umd.edu/plantpatents/binaries/09200/pp09294.pdf,http://patft.uspto.gov/netacgi/nph-Parser?patentnumber=PP9294,1,2014-10-30T18:20:24Z,pot freesia,,1995,PP09294 -- Pot freesia variety named 'Vaposma'
295,"van Andel, Jacob",Pot freesia variety named 'Vaposu',PLT/299,08/331037,PP09295,9/19/1995,http://www.lib.umd.edu/plantpatents/binaries/09200/pp09295.pdf,http://patft.uspto.gov/netacgi/nph-Parser?patentnumber=PP9295,1,2014-10-30T18:20:52Z,pot freesia,,1995,PP09295 -- Pot freesia variety named 'Vaposu'
296,"van Andel, Jacob",Pot freesia variety named 'Vapono',PLT/299,08/331881,PP09296,9/19/1995,http://www.lib.umd.edu/plantpatents/binaries/09200/pp09296.pdf,http://patft.uspto.gov/netacgi/nph-Parser?patentnumber=PP9296,1,2014-10-30T18:21:08Z,pot freesia,,1995,PP09296 -- Pot freesia variety named 'Vapono'
297,"Lemon, David",Floribunda geranium 'Julia',PLT/327,08/281736,PP09297,9/19/1995,http://www.lib.umd.edu/plantpatents/binaries/09200/pp09297.pdf,http://patft.uspto.gov/netacgi/nph-Parser?patentnumber=PP9297,1,2014-10-30T18:21:30Z,geranium,,1995,PP09297 -- Floribunda geranium 'Julia'
298,"Fukuda, Satoru",Apple tree 'Tensei',PLT/168,08/238062,PP09298,9/26/1995,http://www.lib.umd.edu/plantpatents/binaries/09200/pp09298.pdf,http://patft.uspto.gov/netacgi/nph-Parser?patentnumber=PP9298,5,2014-10-30T18:22:24Z,apple,,1995,PP09298 -- Apple tree 'Tensei'
299,"Evison, Raymond J.",Clematis names 'Evifour',PLT/228,08/331039,PP09299,9/26/1995,http://www.lib.umd.edu/plantpatents/binaries/09200/pp09299.pdf,http://patft.uspto.gov/netacgi/nph-Parser?patentnumber=PP9299,1,2014-10-30T18:22:52Z,clematis,,1995,PP09299 -- Clematis names 'Evifour'
300,"Dehan, Klara",Aster plant named 'Suntana',PLT/355,08/291698,PP09300,9/26/1995,http://www.lib.umd.edu/plantpatents/binaries/09300/pp09300.pdf,http://patft.uspto.gov/netacgi/nph-Parser?patentnumber=PP9300,1,2014-10-30T18:23:42Z,aster,,1995,PP09300 -- Aster plant named 'Suntana'
301,"Dehan, Klara",Gypsophila plant named 'Magic Tavor',PLT/354,08/299615,PP09301,9/26/1995,http://www.lib.umd.edu/plantpatents/binaries/09300/pp09301.pdf,http://patft.uspto.gov/netacgi/nph-Parser?patentnumber=PP9301,1,2014-10-30T18:24:10Z,gypsophila,,1995,PP09301 -- Gypsophila plant named 'Magic Tavor'
302,"VandenBerg, Cornelis P.",Chrysanthemum plant named 'Kent',PLT/288,08/277287,PP09302,9/26/1995,http://www.lib.umd.edu/plantpatents/binaries/09300/pp09302.pdf,http://patft.uspto.gov/netacgi/nph-Parser?patentnumber=PP9302,3,2014-10-30T18:24:42Z,chrysanthemum,,1995,PP09302 -- Chrysanthemum plant named 'Kent'
303,"VandenBerg, Cornelis P.",Chrysanthemum plant named 'Imperial',PLT/289,08/280528,PP09303,9/26/1995,http://www.lib.umd.edu/plantpatents/binaries/09300/pp09303.pdf,http://patft.uspto.gov/netacgi/nph-Parser?patentnumber=PP9303,3,2014-10-30T18:25:10Z,chrysanthemum,"One color, two black&white",1995,PP09303 -- Chrysanthemum plant named 'Imperial'
304,"Machin, Barrie J.",Chrysanthemum plant named 'Bronze Majesty',PLT/296,08/254266,PP09304,9/26/1995,http://www.lib.umd.edu/plantpatents/binaries/09300/pp09304.pdf,http://patft.uspto.gov/netacgi/nph-Parser?patentnumber=PP9304,3,2014-10-30T18:25:58Z,chrysanthemum,"One color, two black&white",1995,PP09304 -- Chrysanthemum plant named 'Bronze Majesty'
305,"Stoots, Eleanor",Variety of geranium named 'Red Hots',PLT/330,08/347583,PP09305,9/26/1995,http://www.lib.umd.edu/plantpatents/binaries/09300/pp09305.pdf,http://patft.uspto.gov/netacgi/nph-Parser?patentnumber=PP9305,1,2014-10-30T18:26:20Z,geranium,,1995,PP09305 -- Variety of geranium named 'Red Hots'
306,"Hanes, Mitchell E.",Geranium named 'Americana Rose Splash',PLT/325,08/364874,PP09306,9/26/1995,http://www.lib.umd.edu/plantpatents/binaries/09300/pp09306.pdf,http://patft.uspto.gov/netacgi/nph-Parser?patentnumber=PP9306,1,2014-10-30T18:26:44Z,geranium,,1995,PP09306 -- Geranium named 'Americana Rose Splash'
307,"Hanes, Mitchell E.",Geranium named 'Americana Dark Red',PLT/329,08/364876,PP09307,9/26/1995,http://www.lib.umd.edu/plantpatents/binaries/09300/pp09307.pdf,http://patft.uspto.gov/netacgi/nph-Parser?patentnumber=PP9307,1,2014-10-30T18:27:18Z,geranium,,1995,PP09307 -- Geranium named 'Americana Dark Red'
308,"Meilland, Alain A.",Hybrid tea rose plant named 'Meibigoud',PLT/139,08/356621,PP09308,10/3/1995,http://www.lib.umd.edu/plantpatents/binaries/09300/pp09308.pdf,http://patft.uspto.gov/netacgi/nph-Parser?patentnumber=PP9308,1,2014-10-30T18:27:40Z,rose,,1995,PP09308 -- Hybrid tea rose plant named 'Meibigoud'
309,"Meilland, Alain A.",Hybrid Tea rose plant named 'Meiqualis',PLT/139,08/356622,PP09309,10/3/1995,http://www.lib.umd.edu/plantpatents/binaries/09300/pp09309.pdf,http://patft.uspto.gov/netacgi/nph-Parser?patentnumber=PP9309,1,2014-10-30T18:28:24Z,rose,,1995,PP09309 -- Hybrid Tea rose plant named 'Meiqualis'
310,"Moore, Patrick P.",Strawberry plant 'Puget Reliance',PLT/208,08/304343,PP09310,10/3/1995,http://www.lib.umd.edu/plantpatents/binaries/09300/pp09310.pdf,http://patft.uspto.gov/netacgi/nph-Parser?patentnumber=PP9310,2,2014-10-30T18:29:00Z,strawberry,"One color, one black&white",1995,PP09310 -- Strawberry plant 'Puget Reliance'
311,"Bost, Georgia A.",Hibiscus plant named 'Quatro Rojo',PLT/257,08/343377,PP09311,10/3/1995,http://www.lib.umd.edu/plantpatents/binaries/09300/pp09311.pdf,http://patft.uspto.gov/netacgi/nph-Parser?patentnumber=PP9311,3,2014-10-30T18:29:52Z,hibiscus,,1995,PP09311 -- Hibiscus plant named 'Quatro Rojo'
312,"Dehan, Klara",Gypsophila plant named 'Magic Arbel',PLT/354,08/299617,PP09312,10/3/1995,http://www.lib.umd.edu/plantpatents/binaries/09300/pp09312.pdf,http://patft.uspto.gov/netacgi/nph-Parser?patentnumber=PP9312,1,2014-10-30T18:30:30Z,gypsophila,,1995,PP09312 -- Gypsophila plant named 'Magic Arbel'
313,"VandenBerg, Cornelis P.",Chrysanthemum plant named 'Madison',PLT/286,08/280525,PP09313,10/3/1995,http://www.lib.umd.edu/plantpatents/binaries/09300/pp09313.pdf,http://patft.uspto.gov/netacgi/nph-Parser?patentnumber=PP9313,3,2014-10-30T18:31:06Z,chrysanthemum,,1995,PP09313 -- Chrysanthemum plant named 'Madison'
314,"VandenBerg, Cornelis P.",Chrysanthemum plant named 'Shasta',PLT/294,08/280526,PP09314,10/3/1995,http://www.lib.umd.edu/plantpatents/binaries/09300/pp09314.pdf,http://patft.uspto.gov/netacgi/nph-Parser?patentnumber=PP9314,3,2014-10-30T18:31:34Z,chrysanthemum,"One color, two black&white",1995,PP09314 -- Chrysanthemum plant named 'Shasta'
315,"Zerr, Katharina",Poinsettia plant named 'Fispue',PLT/303,08/328052,PP09315,10/3/1995,http://www.lib.umd.edu/plantpatents/binaries/09300/pp09315.pdf,http://patft.uspto.gov/netacgi/nph-Parser?patentnumber=PP9315,2,2014-10-30T18:32:08Z,poinsettia,,1995,PP09315 -- Poinsettia plant named 'Fispue'
316,"Zerr, Katharina",Poinsettia plant named 'Fisbla',PLT/303,08/328053,PP09316,10/3/1995,http://www.lib.umd.edu/plantpatents/binaries/09300/pp09316.pdf,http://patft.uspto.gov/netacgi/nph-Parser?patentnumber=PP9316,2,2014-10-30T18:32:36Z,poinsettia,,1995,PP09316 -- Poinsettia plant named 'Fisbla'
317,"Hanes, Mitchell E.",Geranium named 'Americana White Splash',PLT/325,08/364877,PP09317,10/3/1995,http://www.lib.umd.edu/plantpatents/binaries/09300/pp09317.pdf,http://patft.uspto.gov/netacgi/nph-Parser?patentnumber=PP9317,1,2014-10-30T18:33:00Z,geranium,,1995,PP09317 -- Geranium named 'Americana White Splash'
318,"Hanes, Mitchell E.",Ivy geranium named 'Freestyle Pink',PLT/332,08/368527,PP09318,10/3/1995,http://www.lib.umd.edu/plantpatents/binaries/09300/pp09318.pdf,http://patft.uspto.gov/netacgi/nph-Parser?patentnumber=PP9318,1,2014-10-30T18:33:22Z,geranium,,1995,PP09318 -- Ivy geranium named 'Freestyle Pink'
319,"Bennett, deceased, Cecilia L. D. et al.",Miniature rose plant named 'Tiny Petals',PLT/123,08/177601,PP09319,10/10/1995,http://www.lib.umd.edu/plantpatents/binaries/09300/pp09319.pdf,http://patft.uspto.gov/netacgi/nph-Parser?patentnumber=PP9319,1,2014-10-30T18:33:58Z,rose,,1995,PP09319 -- Miniature rose plant named 'Tiny Petals'
320,"Small, David et al.",Strawberry plant named 'Catalina',PLT/209,08/294729,PP09320,10/10/1995,http://www.lib.umd.edu/plantpatents/binaries/09300/pp09320.pdf,http://patft.uspto.gov/netacgi/nph-Parser?patentnumber=PP9320,5,2014-10-30T18:34:44Z,strawberry,,1995,PP09320 -- Strawberry plant named 'Catalina'
321,"deJong, Gys P.",Potentilla fruticosa 'Hinerob',PLT/237,08/283060,PP09321,10/10/1995,http://www.lib.umd.edu/plantpatents/binaries/09300/pp09321.pdf,http://patft.uspto.gov/netacgi/nph-Parser?patentnumber=PP9321,2,2014-10-30T18:35:46Z,potentilla,,1995,PP09321 -- Potentilla fruticosa 'Hinerob'
322,"Tachibana, Ryuichi et al.",Petunia plant 'Revolution Bluevein',PLT/356.16,08/369286,PP09322,10/10/1995,http://www.lib.umd.edu/plantpatents/binaries/09300/pp09322.pdf,http://patft.uspto.gov/netacgi/nph-Parser?patentnumber=PP9322,4,2014-10-30T18:36:26Z,petunia,,1995,PP09322 -- Petunia plant 'Revolution Bluevein'
323,"van der Knaap, Eduard J. M.",Ficus lyrata plant named 'Bambino',PLT/211,08/354143,PP09323,10/10/1995,http://www.lib.umd.edu/plantpatents/binaries/09300/pp09323.pdf,http://patft.uspto.gov/netacgi/nph-Parser?patentnumber=PP9323,2,2014-10-30T18:37:12Z,ficus,,1995,PP09323 -- Ficus lyrata plant named 'Bambino'
324,"Zary, Keith W.",Shrub rose plant named 'Jaclover',PLT/107,08/335634,PP09324,10/17/1995,http://www.lib.umd.edu/plantpatents/binaries/09300/pp09324.pdf,http://patft.uspto.gov/netacgi/nph-Parser?patentnumber=PP9324,1,2014-10-30T18:38:20Z,rose,,1995,PP09324 -- Shrub rose plant named 'Jaclover'
325,"Zary, Keith W.",Miniature rose plant 'Jacredem',PLT/122,08/366245,PP09325,10/17/1995,http://www.lib.umd.edu/plantpatents/binaries/09300/pp09325.pdf,http://patft.uspto.gov/netacgi/nph-Parser?patentnumber=PP9325,1,2014-10-30T18:38:42Z,rose,,1995,PP09325 -- Miniature rose plant 'Jacredem'
326,"Zary, Keith W.",Hybrid tea rose plant named 'JAClogo',PLT/130,08/316899,PP09326,10/17/1995,http://www.lib.umd.edu/plantpatents/binaries/09300/pp09326.pdf,http://patft.uspto.gov/netacgi/nph-Parser?patentnumber=PP9326,1,2014-10-30T18:40:14Z,rose,,1995,PP09326 -- Hybrid tea rose plant named 'JAClogo'
327,"Zary, Keith W.",Hybrid tea rose plant named 'JACnuel',PLT/130,08/316913,PP09327,10/17/1995,http://www.lib.umd.edu/plantpatents/binaries/09300/pp09327.pdf,http://patft.uspto.gov/netacgi/nph-Parser?patentnumber=PP9327,1,2014-10-30T18:40:56Z,rose,,1995,PP09327 -- Hybrid tea rose plant named 'JACnuel'
328,"Zary, Keith W.",Hybrid tea rose plant named 'JACcream',PLT/133,08/366244,PP09328,10/17/1995,http://www.lib.umd.edu/plantpatents/binaries/09300/pp09328.pdf,http://patft.uspto.gov/netacgi/nph-Parser?patentnumber=PP9328,1,2014-10-30T18:41:24Z,rose,,1995,PP09328 -- Hybrid tea rose plant named 'JACcream'
329,"Zary, Keith W.",Hybrid tea rose plant named 'JACyem',PLT/134,08/366243,PP09329,10/17/1995,http://www.lib.umd.edu/plantpatents/binaries/09300/pp09329.pdf,http://patft.uspto.gov/netacgi/nph-Parser?patentnumber=PP9329,1,2014-10-30T18:42:00Z,rose,,1995,PP09329 -- Hybrid tea rose plant named 'JACyem'
330,"Zary, Keith W.",Hybrid tea rose plant named 'JACcogel',PLT/136,08/366246,PP09330,10/17/1995,http://www.lib.umd.edu/plantpatents/binaries/09300/pp09330.pdf,http://patft.uspto.gov/netacgi/nph-Parser?patentnumber=PP9330,1,2014-10-30T18:42:28Z,rose,,1995,PP09330 -- Hybrid tea rose plant named 'JACcogel'
331,"Zaiger, Chris F. et al.",Plum tree 'Blue Gusto',PLT/184,08/369589,PP09331,10/17/1995,http://www.lib.umd.edu/plantpatents/binaries/09300/pp09331.pdf,http://patft.uspto.gov/netacgi/nph-Parser?patentnumber=PP9331,1,2014-10-30T18:42:56Z,plum,,1995,PP09331 -- Plum tree 'Blue Gusto'
332,"Zaiger, Chris F. et al.","Nectarine tree ""Arctic Star""",PLT/188,08/364802,PP09332,10/17/1995,http://www.lib.umd.edu/plantpatents/binaries/09300/pp09332.pdf,http://patft.uspto.gov/netacgi/nph-Parser?patentnumber=PP9332,1,2014-10-30T18:43:16Z,nectarine,,1995,"PP09332 -- Nectarine tree ""Arctic Star"""
333,"Zaiger, Chris F. et al.","Nectarine tree ""Honey Kist""",PLT/190,08/362231,PP09333,10/17/1995,http://www.lib.umd.edu/plantpatents/binaries/09300/pp09333.pdf,http://patft.uspto.gov/netacgi/nph-Parser?patentnumber=PP9333,1,2014-10-30T18:43:40Z,nectarine,,1995,"PP09333 -- Nectarine tree ""Honey Kist"""
334,"Jessel, Jr., Walter H.",Carnation plant named 'CFPC Sugarplum',PLT/273,08/315131,PP09334,10/17/1995,http://www.lib.umd.edu/plantpatents/binaries/09300/pp09334.pdf,http://patft.uspto.gov/netacgi/nph-Parser?patentnumber=PP9334,1,2014-10-30T18:44:08Z,carnation,,1995,PP09334 -- Carnation plant named 'CFPC Sugarplum'
335,"VandenBerg, Cornelis P.",Chrysanthemum plant named 'Mobile',PLT/286,08/331859,PP09335,10/17/1995,http://www.lib.umd.edu/plantpatents/binaries/09300/pp09335.pdf,http://patft.uspto.gov/netacgi/nph-Parser?patentnumber=PP9335,3,2014-10-30T18:44:50Z,chrysanthemum,"One color, two black&white",1995,PP09335 -- Chrysanthemum plant named 'Mobile'
336,"Beckmann, Kail-Rudolf",Poinsettia plant named 'Beckmanns Altrosa',PLT/306,08/338098,PP09336,10/17/1995,http://www.lib.umd.edu/plantpatents/binaries/09300/pp09336.pdf,http://patft.uspto.gov/netacgi/nph-Parser?patentnumber=PP9336,1,2014-10-30T18:45:28Z,poinsettia,,1995,PP09336 -- Poinsettia plant named 'Beckmanns Altrosa'
337,"Bridgen, Mark P.",Alstroemeria 'Liberty',PLT/309,08/354675,PP09337,10/17/1995,http://www.lib.umd.edu/plantpatents/binaries/09300/pp09337.pdf,http://patft.uspto.gov/netacgi/nph-Parser?patentnumber=PP9337,1,2014-10-30T18:46:24Z,alstroemeria,,1995,PP09337 -- Alstroemeria 'Liberty'
338,"Dehan, Klara",Impatiens plant named 'Swing',PLT/318.1,08/299616,PP09338,10/17/1995,http://www.lib.umd.edu/plantpatents/binaries/09300/pp09338.pdf,http://patft.uspto.gov/netacgi/nph-Parser?patentnumber=PP9338,1,2014-10-30T18:46:48Z,impatiens,,1995,PP09338 -- Impatiens plant named 'Swing'
339,"Scanvini, Giorgio",Peach tree 'Duchessa D'Este',PLT/196,08/240154,PP09339,10/24/1995,http://www.lib.umd.edu/plantpatents/binaries/09300/pp09339.pdf,http://patft.uspto.gov/netacgi/nph-Parser?patentnumber=PP9339,4,2014-10-30T18:47:36Z,peach,,1995,PP09339 -- Peach tree 'Duchessa D'Este'
340,"Wilhelm, Stephen et al.",Raspberry plant cv. 'Isabel',PLT/204,08/350941,PP09340,10/24/1995,http://www.lib.umd.edu/plantpatents/binaries/09300/pp09340.pdf,http://patft.uspto.gov/netacgi/nph-Parser?patentnumber=PP9340,3,2014-10-30T18:48:10Z,raspberry,"Two color, one black&white",1995,PP09340 -- Raspberry plant cv. 'Isabel'
341,"Tachibana, Ryuichi et al.",Petunia plant 'Revolution Pinkvein',PLT/356.21,08/369287,PP09341,10/24/1995,http://www.lib.umd.edu/plantpatents/binaries/09300/pp09341.pdf,http://patft.uspto.gov/netacgi/nph-Parser?patentnumber=PP9341,4,2014-10-30T18:48:42Z,petunia,,1995,PP09341 -- Petunia plant 'Revolution Pinkvein'
342,"Sakazaki, Ushio et al.",Petunia plant named 'Revolution Violet',PLT/356.2,08/369323,PP09342,10/24/1995,http://www.lib.umd.edu/plantpatents/binaries/09300/pp09342.pdf,http://patft.uspto.gov/netacgi/nph-Parser?patentnumber=PP9342,4,2014-10-30T18:50:02Z,petunia,,1995,PP09342 -- Petunia plant named 'Revolution Violet'
343,"Kientzler, Ludwig",Impatiens plant named Grenada,PLT/318.3,08/280204,PP09343,10/24/1995,http://www.lib.umd.edu/plantpatents/binaries/09300/pp09343.pdf,http://patft.uspto.gov/netacgi/nph-Parser?patentnumber=PP9343,1,2014-10-30T18:51:00Z,impatiens,,1995,PP09343 -- Impatiens plant named Grenada
344,"Zary, Keith W.",Hybrid tea rose plant named 'JACdeep',PLT/139,08/316864,PP09344,10/31/1995,http://www.lib.umd.edu/plantpatents/binaries/09300/pp09344.pdf,http://patft.uspto.gov/netacgi/nph-Parser?patentnumber=PP9344,1,2014-10-30T18:52:10Z,rose,Slightly damaged,1995,PP09344 -- Hybrid tea rose plant named 'JACdeep'
345,"Zary, Keith W.",Hybrid Tea rose plant named 'JACral',PLT/139,08/316898,PP09345,10/31/1995,http://www.lib.umd.edu/plantpatents/binaries/09300/pp09345.pdf,http://patft.uspto.gov/netacgi/nph-Parser?patentnumber=PP9345,1,2014-10-30T18:52:32Z,rose,Slightly damaged,1995,PP09345 -- Hybrid Tea rose plant named 'JACral'
346,"Shibata, Masaru","Dawn Redwood variety ""Golden Oji""",PLT/213,08/291955,PP09346,10/31/1995,http://www.lib.umd.edu/plantpatents/binaries/09300/pp09346.pdf,http://patft.uspto.gov/netacgi/nph-Parser?patentnumber=PP9346,2,2014-10-30T18:53:08Z,redwood,Slightly damaged,1995,"PP09346 -- Dawn Redwood variety ""Golden Oji"""
347,"Zerr, Katharina",Poinsettia plant named 'Fisbon',PLT/307,08/327929,PP09347,10/31/1995,http://www.lib.umd.edu/plantpatents/binaries/09300/pp09347.pdf,http://patft.uspto.gov/netacgi/nph-Parser?patentnumber=PP9347,1,2014-10-30T18:53:34Z,poinsettia,,1995,PP09347 -- Poinsettia plant named 'Fisbon'
348,"Bridgen, Mark P.",Alstroemeria 'Patriot',PLT/309,08/355062,PP09348,10/31/1995,http://www.lib.umd.edu/plantpatents/binaries/09300/pp09348.pdf,http://patft.uspto.gov/netacgi/nph-Parser?patentnumber=PP9348,1,2014-10-30T18:53:56Z,alstroemeria,,1995,PP09348 -- Alstroemeria 'Patriot'
349,"Lemon, David",Variety of geranium named Angela,PLT/328,08/281735,PP09349,10/31/1995,http://www.lib.umd.edu/plantpatents/binaries/09300/pp09349.pdf,http://patft.uspto.gov/netacgi/nph-Parser?patentnumber=PP9349,1,2014-10-30T18:54:56Z,geranium,,1995,PP09349 -- Variety of geranium named Angela
350,"Lemon, David",Floribunda geranium 'Katherine',PLT/326,08/281737,PP09350,10/31/1995,http://www.lib.umd.edu/plantpatents/binaries/09300/pp09350.pdf,http://patft.uspto.gov/netacgi/nph-Parser?patentnumber=PP9350,1,2014-10-30T18:55:26Z,geranium,,1995,PP09350 -- Floribunda geranium 'Katherine'
351,"Guillou, Jacques et al.",Geranium plant named 'Guishiva',PLT/332,08/352713,PP09351,10/31/1995,http://www.lib.umd.edu/plantpatents/binaries/09300/pp09351.pdf,http://patft.uspto.gov/netacgi/nph-Parser?patentnumber=PP9351,1,2014-10-30T18:55:50Z,geranium,,1995,PP09351 -- Geranium plant named 'Guishiva'
352,"Guillou, Jacques et al.",Geranium plant named 'Guimongol',PLT/332,08/353329,PP09352,10/31/1995,http://www.lib.umd.edu/plantpatents/binaries/09300/pp09352.pdf,http://patft.uspto.gov/netacgi/nph-Parser?patentnumber=PP9352,1,2014-10-30T18:56:08Z,geranium,,1995,PP09352 -- Geranium plant named 'Guimongol'
353,"Hanes, Mitchell E.",Ivy geranium named 'Freestyle Lavender',PLT/332,08/364875,PP09353,10/31/1995,http://www.lib.umd.edu/plantpatents/binaries/09300/pp09353.pdf,http://patft.uspto.gov/netacgi/nph-Parser?patentnumber=PP9353,1,2014-10-30T18:56:28Z,geranium,,1995,PP09353 -- Ivy geranium named 'Freestyle Lavender'
354,"Hope, Claude",Kalanchoe plant named 'Maya',PLT/341,08/380601,PP09354,10/31/1995,http://www.lib.umd.edu/plantpatents/binaries/09300/pp09354.pdf,http://patft.uspto.gov/netacgi/nph-Parser?patentnumber=PP9354,1,2014-10-30T18:56:46Z,kalanchoe,,1995,PP09354 -- Kalanchoe plant named 'Maya'
355,"Henny, Richard J.",Anthurium plant '75-10',PLT/368,08/353571,PP09355,10/31/1995,http://www.lib.umd.edu/plantpatents/binaries/09300/pp09355.pdf,http://patft.uspto.gov/netacgi/nph-Parser?patentnumber=PP9355,1,2014-10-30T18:57:16Z,anthurium,,1995,PP09355 -- Anthurium plant '75-10'
356,"Warner, Chris",Climbing miniature rose plant named 'Chewizz',PLT/112,08/315780,PP09356,11/7/1995,http://www.lib.umd.edu/plantpatents/binaries/09300/pp09356.pdf,http://patft.uspto.gov/netacgi/nph-Parser?patentnumber=PP9356,1,2014-10-30T18:57:34Z,climbing  rose,,1995,PP09356 -- Climbing miniature rose plant named 'Chewizz'
357,"Olesen, Pernille et al.",Hybrid tea rose plant named 'Poulvue',PLT/130,08/346621,PP09357,11/7/1995,http://www.lib.umd.edu/plantpatents/binaries/09300/pp09357.pdf,http://patft.uspto.gov/netacgi/nph-Parser?patentnumber=PP9357,1,2014-10-30T18:57:54Z,rose,,1995,PP09357 -- Hybrid tea rose plant named 'Poulvue'
358,"Bradford, Lowell G. et al.",Nectarine tree 'Fire Pearl',PLT/188,08/383901,PP09358,11/7/1995,http://www.lib.umd.edu/plantpatents/binaries/09300/pp09358.pdf,http://patft.uspto.gov/netacgi/nph-Parser?patentnumber=PP9358,1,2014-10-30T18:58:30Z,nectarine,,1995,PP09358 -- Nectarine tree 'Fire Pearl'
359,"Bradford, Lowell G. et al.",Nectarine tree 'Bright Pearl',PLT/188,08/383905,PP09359,11/7/1995,http://www.lib.umd.edu/plantpatents/binaries/09300/pp09359.pdf,http://patft.uspto.gov/netacgi/nph-Parser?patentnumber=PP9359,1,2014-10-30T18:58:50Z,nectarine,,1995,PP09359 -- Nectarine tree 'Bright Pearl'
360,"Bradford, Lowell G. et al.",Nectarine tree 'June Pearl',PLT/188,08/384129,PP09360,11/7/1995,http://www.lib.umd.edu/plantpatents/binaries/09300/pp09360.pdf,http://patft.uspto.gov/netacgi/nph-Parser?patentnumber=PP9360,1,2014-10-30T18:59:12Z,nectarine,,1995,PP09360 -- Nectarine tree 'June Pearl'
361,"Smith, George F.",'George's Red' peach tree,PLT/198,08/123795,PP09361,11/7/1995,http://www.lib.umd.edu/plantpatents/binaries/09300/pp09361.pdf,http://patft.uspto.gov/netacgi/nph-Parser?patentnumber=PP9361,1,2014-10-30T18:59:48Z,peach,,1995,PP09361 -- 'George's Red' peach tree
362,"Evison, Raymond J.",Clematis named Evithree,PLT/228,08/331040,PP09362,11/7/1995,http://www.lib.umd.edu/plantpatents/binaries/09300/pp09362.pdf,http://patft.uspto.gov/netacgi/nph-Parser?patentnumber=PP9362,1,2014-10-30T19:00:14Z,clematis,,1995,PP09362 -- Clematis named Evithree
363,"Tristram, David R.",Spiraea plant named 'Walbuma',PLT/226,08/382431,PP09363,11/7/1995,http://www.lib.umd.edu/plantpatents/binaries/09300/pp09363.pdf,http://patft.uspto.gov/netacgi/nph-Parser?patentnumber=PP9363,1,2014-10-30T19:00:42Z,spiraea,,1995,PP09363 -- Spiraea plant named 'Walbuma'
364,"Zerr, Katharina",Poinsettia plant named 'Fiscor',PLT/307,08/327928,PP09364,11/7/1995,http://www.lib.umd.edu/plantpatents/binaries/09300/pp09364.pdf,http://patft.uspto.gov/netacgi/nph-Parser?patentnumber=PP9364,1,2014-10-30T19:01:00Z,poinsettia,,1995,PP09364 -- Poinsettia plant named 'Fiscor'
365,"Zerr, Katharina",Poinsettia plant named 'Fisson',PLT/307,08/327930,PP09365,11/7/1995,http://www.lib.umd.edu/plantpatents/binaries/09300/pp09365.pdf,http://patft.uspto.gov/netacgi/nph-Parser?patentnumber=PP9365,1,2014-10-30T19:01:20Z,poinsettia,,1995,PP09365 -- Poinsettia plant named 'Fisson'
366,"Hope, Claude",Kalanchoe plant named 'Pico Tico Bright Pink',PLT/339,08/380012,PP09366,11/7/1995,http://www.lib.umd.edu/plantpatents/binaries/09300/pp09366.pdf,http://patft.uspto.gov/netacgi/nph-Parser?patentnumber=PP9366,1,2014-10-30T19:01:44Z,kalanchoe,,1995,PP09366 -- Kalanchoe plant named 'Pico Tico Bright Pink'
367,"Hope, Claude",Kalanchoe plant named 'Pico Tico Cherry',PLT/337,08/380013,PP09367,11/7/1995,http://www.lib.umd.edu/plantpatents/binaries/09300/pp09367.pdf,http://patft.uspto.gov/netacgi/nph-Parser?patentnumber=PP9367,1,2014-10-30T19:02:10Z,kalanchoe,,1995,PP09367 -- Kalanchoe plant named 'Pico Tico Cherry'
368,"Nies, Marvin L.",Cherry tree 'Early Red',PLT/181,08/383925,PP09368,11/14/1995,http://www.lib.umd.edu/plantpatents/binaries/09300/pp09368.pdf,http://patft.uspto.gov/netacgi/nph-Parser?patentnumber=PP9368,1,2014-10-30T19:02:46Z,cherry,,1995,PP09368 -- Cherry tree 'Early Red'
369,"VandenBerg, Cornelis P.",Chrysanthemum plant named 'Sandusky',PLT/295,08/331857,PP09369,11/14/1995,http://www.lib.umd.edu/plantpatents/binaries/09300/pp09369.pdf,http://patft.uspto.gov/netacgi/nph-Parser?patentnumber=PP9369,3,2014-10-30T19:03:12Z,chrysanthemum,"One color, two black&white",1995,PP09369 -- Chrysanthemum plant named 'Sandusky'
370,"VandenBerg, Cornelis P.",Chrysanthemum plant named 'Ami',PLT/295,08/331864,PP09370,11/14/1995,http://www.lib.umd.edu/plantpatents/binaries/09300/pp09370.pdf,http://patft.uspto.gov/netacgi/nph-Parser?patentnumber=PP9370,3,2014-10-30T19:03:32Z,chrysanthemum,"One color, two black&white",1995,PP09370 -- Chrysanthemum plant named 'Ami'
371,"Zerr, Katharina",Poinsettia plant named Fispic,PLT/307,08/328051,PP09371,11/14/1995,http://www.lib.umd.edu/plantpatents/binaries/09300/pp09371.pdf,http://patft.uspto.gov/netacgi/nph-Parser?patentnumber=PP9371,1,2014-10-30T19:03:52Z,poinsettia,,1995,PP09371 -- Poinsettia plant named Fispic
372,"Iverson, Ronald C.",Daylily plant named 'Yellow Silk Ruffles',PLT/312,08/355296,PP09372,11/14/1995,http://www.lib.umd.edu/plantpatents/binaries/09300/pp09372.pdf,http://patft.uspto.gov/netacgi/nph-Parser?patentnumber=PP9372,2,2014-10-30T19:04:18Z,daylily,,1995,PP09372 -- Daylily plant named 'Yellow Silk Ruffles'
373,"Schumann, Ingeborg",Geranium plant named Fisbliz,PLT/332,08/360340,PP09373,11/14/1995,http://www.lib.umd.edu/plantpatents/binaries/09300/pp09373.pdf,http://patft.uspto.gov/netacgi/nph-Parser?patentnumber=PP9373,1,2014-10-30T19:04:42Z,geranium,,1995,PP09373 -- Geranium plant named Fisbliz
374,"Zary, Keith W.",Shrub rose plant named 'JACwade',PLT/103,08/335635,PP09374,11/21/1995,http://www.lib.umd.edu/plantpatents/binaries/09300/pp09374.pdf,http://patft.uspto.gov/netacgi/nph-Parser?patentnumber=PP9374,1,2014-10-30T19:05:24Z,rose,,1995,PP09374 -- Shrub rose plant named 'JACwade'
375,"Bennett, deceased, Cecilia L. D. et al.",Miniature rose plant named 'X-Rated',PLT/123,08/364680,PP09375,11/21/1995,http://www.lib.umd.edu/plantpatents/binaries/09300/pp09375.pdf,http://patft.uspto.gov/netacgi/nph-Parser?patentnumber=PP9375,1,2014-10-30T19:05:42Z,rose,,1995,PP09375 -- Miniature rose plant named 'X-Rated'
376,"Christensen, Jack E.",Hybrid tea rose plant named 'JACboy',PLT/131,08/324410,PP09376,11/21/1995,http://www.lib.umd.edu/plantpatents/binaries/09300/pp09376.pdf,http://patft.uspto.gov/netacgi/nph-Parser?patentnumber=PP9376,1,2014-10-30T19:06:06Z,rose,,1995,PP09376 -- Hybrid tea rose plant named 'JACboy'
377,"Hammons, Bruce",Magnolia grandiflora named 'Green Giant',PLT/223,08/264502,PP09377,11/21/1995,http://www.lib.umd.edu/plantpatents/binaries/09300/pp09377.pdf,http://patft.uspto.gov/netacgi/nph-Parser?patentnumber=PP9377,2,2014-10-30T19:06:44Z,magnolia,,1995,PP09377 -- Magnolia grandiflora named 'Green Giant'
378,"Tooby, Hubert J.",Hebe 'Rosie',PLT/251,08/337527,PP09378,11/21/1995,http://www.lib.umd.edu/plantpatents/binaries/09300/pp09378.pdf,http://patft.uspto.gov/netacgi/nph-Parser?patentnumber=PP9378,1,2014-10-30T19:07:06Z,hebe,,1995,PP09378 -- Hebe 'Rosie'
379,"VandenBerg, Cornelis P.",Chrysanthemum plant named 'Yvette',PLT/294,08/331865,PP09379,11/21/1995,http://www.lib.umd.edu/plantpatents/binaries/09300/pp09379.pdf,http://patft.uspto.gov/netacgi/nph-Parser?patentnumber=PP9379,3,2014-10-30T19:07:38Z,chrysanthemum,"One color, two black&white",1995,PP09379 -- Chrysanthemum plant named 'Yvette'
380,"Iverson, Ronald C.",Daylily plant named 'Pink Silk Ruffles',PLT/312,08/355319,PP09380,11/21/1995,http://www.lib.umd.edu/plantpatents/binaries/09300/pp09380.pdf,http://patft.uspto.gov/netacgi/nph-Parser?patentnumber=PP9380,2,2014-10-30T19:08:02Z,daylily,,1995,PP09380 -- Daylily plant named 'Pink Silk Ruffles'
381,"Schumann, Ingeborg",Geranium plant named Fisflori,PLT/325,08/360341,PP09381,11/21/1995,http://www.lib.umd.edu/plantpatents/binaries/09300/pp09381.pdf,http://patft.uspto.gov/netacgi/nph-Parser?patentnumber=PP9381,1,2014-10-30T19:08:28Z,geranium,,1995,PP09381 -- Geranium plant named Fisflori
382,"Schumann, Ingeborg et al.",Geranium plant named Fismoli,PLT/327,08/360647,PP09382,11/21/1995,http://www.lib.umd.edu/plantpatents/binaries/09300/pp09382.pdf,http://patft.uspto.gov/netacgi/nph-Parser?patentnumber=PP9382,1,2014-10-30T19:08:48Z,geranium,,1995,PP09382 -- Geranium plant named Fismoli
383,"Hanes, Mitchell E.",Geranium named 'Americana Deep Rose',PLT/325,08/364873,PP09383,11/21/1995,http://www.lib.umd.edu/plantpatents/binaries/09300/pp09383.pdf,http://patft.uspto.gov/netacgi/nph-Parser?patentnumber=PP9383,1,2014-10-30T19:09:20Z,geranium,,1995,PP09383 -- Geranium named 'Americana Deep Rose'
384,"Fuess, Janet S.",Chrysanthemum plant named 'Empire Ventura',PLT/296,08/325051,PP09384,11/28/1995,http://www.lib.umd.edu/plantpatents/binaries/09300/pp09384.pdf,http://patft.uspto.gov/netacgi/nph-Parser?patentnumber=PP9384,1,2014-10-30T19:09:38Z,chrysanthemum,,1995,PP09384 -- Chrysanthemum plant named 'Empire Ventura'
385,"Zerr, Katharina",Poinsettia plant named 'Fisflirt',PLT/306,08/328054,PP09385,11/28/1995,http://www.lib.umd.edu/plantpatents/binaries/09300/pp09385.pdf,http://patft.uspto.gov/netacgi/nph-Parser?patentnumber=PP9385,1,2014-10-30T19:10:00Z,poinsettia,,1995,PP09385 -- Poinsettia plant named 'Fisflirt'
386,"Iverson, Ronald C.",Daylily plant named 'Burgundy Lace',PLT/312,08/355314,PP09386,11/28/1995,http://www.lib.umd.edu/plantpatents/binaries/09300/pp09386.pdf,http://patft.uspto.gov/netacgi/nph-Parser?patentnumber=PP9386,2,2014-10-30T19:10:20Z,daylily,,1995,PP09386 -- Daylily plant named 'Burgundy Lace'
387,"Iverson, Ronald C.",Daylily plant named 'X-2',PLT/312,08/355318,PP09387,11/28/1995,http://www.lib.umd.edu/plantpatents/binaries/09300/pp09387.pdf,http://patft.uspto.gov/netacgi/nph-Parser?patentnumber=PP9387,2,2014-10-30T19:10:40Z,daylily,,1995,PP09387 -- Daylily plant named 'X-2'
388,"Schumann, Ingeborg et al.",Geranium plant named 'Fisplosive',PLT/328,08/360343,PP09388,11/28/1995,http://www.lib.umd.edu/plantpatents/binaries/09300/pp09388.pdf,http://patft.uspto.gov/netacgi/nph-Parser?patentnumber=PP9388,1,2014-10-30T19:11:16Z,geranium,,1995,PP09388 -- Geranium plant named 'Fisplosive'
389,"Winchel, Joseph",Hybrid Tea rose plant named 'Wekjoe',PLT/132,08/342446,PP09389,12/5/1995,http://www.lib.umd.edu/plantpatents/binaries/09300/pp09389.pdf,http://patft.uspto.gov/netacgi/nph-Parser?patentnumber=PP9389,1,2014-10-30T19:11:40Z,rose,,1995,PP09389 -- Hybrid Tea rose plant named 'Wekjoe'
390,"Christensen, Jack E.",Hybrid Tea rose plant named 'Jacyes',PLT/134,08/327007,PP09390,12/5/1995,http://www.lib.umd.edu/plantpatents/binaries/09300/pp09390.pdf,http://patft.uspto.gov/netacgi/nph-Parser?patentnumber=PP9390,1,2014-10-30T19:12:00Z,rose,,1995,PP09390 -- Hybrid Tea rose plant named 'Jacyes'
391,"v. d. Hoorn, J. N. M.",Hybrid Tea rose plant named 'Ruijoho',PLT/134,08/379273,PP09391,12/5/1995,http://www.lib.umd.edu/plantpatents/binaries/09300/pp09391.pdf,http://patft.uspto.gov/netacgi/nph-Parser?patentnumber=PP9391,2,2014-10-30T19:12:24Z,rose,,1995,PP09391 -- Hybrid Tea rose plant named 'Ruijoho'
392,"Crosby, Jeffrey A. et al.",Apple tree 'Co-op 38',PLT/172,08/070988,PP09392,12/5/1995,http://www.lib.umd.edu/plantpatents/binaries/09300/pp09392.pdf,http://patft.uspto.gov/netacgi/nph-Parser?patentnumber=PP9392,2,2014-10-30T19:12:46Z,apple,"One color, one black&white",1995,PP09392 -- Apple tree 'Co-op 38'
393,"Bridgen, Mark P.",Alstroemeria 'Freedom',PLT/309,08/355045,PP09393,12/5/1995,http://www.lib.umd.edu/plantpatents/binaries/09300/pp09393.pdf,http://patft.uspto.gov/netacgi/nph-Parser?patentnumber=PP9393,1,2014-10-30T19:13:06Z,alstroemeria,,1995,PP09393 -- Alstroemeria 'Freedom'
394,"Schumann, Ingeborg et al.",Geranium plant named 'Fiscomedy',PLT/332,08/360344,PP09394,12/5/1995,http://www.lib.umd.edu/plantpatents/binaries/09300/pp09394.pdf,http://patft.uspto.gov/netacgi/nph-Parser?patentnumber=PP9394,2,2014-10-30T19:13:34Z,geranium,,1995,PP09394 -- Geranium plant named 'Fiscomedy'
395,"Kirkland, Elmer R. et al.",St. Augustine grass 'SS-100',PLT/392,08/223854,PP09395,12/5/1995,http://www.lib.umd.edu/plantpatents/binaries/09300/pp09395.pdf,http://patft.uspto.gov/netacgi/nph-Parser?patentnumber=PP9395,7,2014-10-30T19:14:24Z,st. augustine grass,,1995,PP09395 -- St. Augustine grass 'SS-100'
396,"Kuiken, J.",Hybrid tea rose plant named 'Ruikuik',PLT/134,08/367966,PP09396,12/12/1995,http://www.lib.umd.edu/plantpatents/binaries/09300/pp09396.pdf,http://patft.uspto.gov/netacgi/nph-Parser?patentnumber=PP9396,2,2014-10-30T19:14:48Z,rose,,1995,PP09396 -- Hybrid tea rose plant named 'Ruikuik'
397,"Zary, Keith W.",Hybrid tea rose plant named 'Jacheir',PLT/140,08/281252,PP09397,12/12/1995,http://www.lib.umd.edu/plantpatents/binaries/09300/pp09397.pdf,http://patft.uspto.gov/netacgi/nph-Parser?patentnumber=PP9397,1,2014-10-30T19:15:08Z,rose,,1995,PP09397 -- Hybrid tea rose plant named 'Jacheir'
398,"Berry, James B.",Raphiolepis indica variety named 'Conor',PLT/254,08/386756,PP09398,12/12/1995,http://www.lib.umd.edu/plantpatents/binaries/09300/pp09398.pdf,http://patft.uspto.gov/netacgi/nph-Parser?patentnumber=PP9398,2,2014-10-30T19:15:34Z,raphiolepis indica,,1995,PP09398 -- Raphiolepis indica variety named 'Conor'
399,"Berry, James B.",Raphiolepis indica variety named 'Conia',PLT/254,08/389576,PP09399,12/12/1995,http://www.lib.umd.edu/plantpatents/binaries/09300/pp09399.pdf,http://patft.uspto.gov/netacgi/nph-Parser?patentnumber=PP9399,2,2014-10-30T19:15:54Z,raphiolepis indica,,1995,PP09399 -- Raphiolepis indica variety named 'Conia'
400,"Schumann, Ingeborg",Geranium plant named Fischamption,PLT/330,08/360345,PP09400,12/12/1995,http://www.lib.umd.edu/plantpatents/binaries/09400/pp09400.pdf,http://patft.uspto.gov/netacgi/nph-Parser?patentnumber=PP9400,1,2014-10-30T19:16:28Z,geranium,,1995,PP09400 -- Geranium plant named Fischamption
401,"Olesen, Mogens N. et al.",Miniature rose plant named 'POULgelb',PLT/118,08/341652,PP09401,12/19/1995,http://www.lib.umd.edu/plantpatents/binaries/09400/pp09401.pdf,http://patft.uspto.gov/netacgi/nph-Parser?patentnumber=PP9401,1,2014-11-01T07:59:42Z,rose,,1995,PP09401 -- Miniature rose plant named 'POULgelb'
402,"Davidson, Harvey D.",Hybrid Tea rose plant named 'Hadlace',PLT/133,08/382860,PP09402,12/19/1995,http://www.lib.umd.edu/plantpatents/binaries/09400/pp09402.pdf,http://patft.uspto.gov/netacgi/nph-Parser?patentnumber=PP9402,1,2014-10-30T19:19:14Z,rose,,1995,PP09402 -- Hybrid Tea rose plant named 'Hadlace'
403,"Olij, H.",Hybrid Tea rose plant named 'Ruihuoly',PLT/138,08/379271,PP09403,12/19/1995,http://www.lib.umd.edu/plantpatents/binaries/09400/pp09403.pdf,http://patft.uspto.gov/netacgi/nph-Parser?patentnumber=PP9403,2,2014-10-30T19:19:40Z,rose,,1995,PP09403 -- Hybrid Tea rose plant named 'Ruihuoly'
404,"Davidson, Harvey D.",Hybrid Tea Rose plant named 'Hadromeo',PLT/140,08/382859,PP09404,12/19/1995,http://www.lib.umd.edu/plantpatents/binaries/09400/pp09404.pdf,http://patft.uspto.gov/netacgi/nph-Parser?patentnumber=PP9404,1,2014-10-30T19:19:58Z,rose,,1995,PP09404 -- Hybrid Tea Rose plant named 'Hadromeo'
405,"Moore, Ralph S.",Floribunda rose plant named 'Morflash',PLT/142,08/342092,PP09405,12/19/1995,http://www.lib.umd.edu/plantpatents/binaries/09400/pp09405.pdf,http://patft.uspto.gov/netacgi/nph-Parser?patentnumber=PP9405,1,2014-10-30T19:20:16Z,rose,,1995,PP09405 -- Floribunda rose plant named 'Morflash'
406,"Zaiger, Chris F. et al.",Nectarine tree 'Arctic Gold',PLT/189,08/386988,PP09406,12/19/1995,http://www.lib.umd.edu/plantpatents/binaries/09400/pp09406.pdf,http://patft.uspto.gov/netacgi/nph-Parser?patentnumber=PP9406,1,2014-10-30T19:20:56Z,nectarine,,1995,PP09406 -- Nectarine tree 'Arctic Gold'
407,"McPheeters, Kenneth D. et al.",'Everthornless' blackberry,PLT/203,08/390617,PP09407,12/26/1995,http://www.lib.umd.edu/plantpatents/binaries/09400/pp09407.pdf,http://patft.uspto.gov/netacgi/nph-Parser?patentnumber=PP9407,2,2014-10-30T19:21:30Z,blackberry,,1995,PP09407 -- 'Everthornless' blackberry
408,"Rother, Reinhard W.",Petunia plant named 'Pampas Fire',PLT/356.21,08/193434,PP09408,12/26/1995,http://www.lib.umd.edu/plantpatents/binaries/09400/pp09408.pdf,http://patft.uspto.gov/netacgi/nph-Parser?patentnumber=PP9408,1,2014-10-30T19:21:50Z,petunia,,1995,PP09408 -- Petunia plant named 'Pampas Fire'
409,"Rother, Reinhard W.",Petunia plant named 'Sweet Victory',PLT/356.22,08/193437,PP09409,12/26/1995,http://www.lib.umd.edu/plantpatents/binaries/09400/pp09409.pdf,http://patft.uspto.gov/netacgi/nph-Parser?patentnumber=PP9409,1,2014-10-30T19:22:18Z,petunia,,1995,PP09409 -- Petunia plant named 'Sweet Victory'
410,"DeRoose, Reginald et al.",Vriesea plant named 'Barbara',PLT/370,08/374297,PP09410,12/26/1995,http://www.lib.umd.edu/plantpatents/binaries/09400/pp09410.pdf,http://patft.uspto.gov/netacgi/nph-Parser?patentnumber=PP9410,1,2014-10-30T19:22:44Z,vriesea,,1995,PP09410 -- Vriesea plant named 'Barbara'
411,"Tachibana, Ryuichi et al.",Verbena plant 'Sunmaref TP-V',PLT/308,08/369322,PP09411,12/26/1995,http://www.lib.umd.edu/plantpatents/binaries/09400/pp09411.pdf,http://patft.uspto.gov/netacgi/nph-Parser?patentnumber=PP9411,4,2014-10-30T19:23:08Z,verbena,,1995,PP09411 -- Verbena plant 'Sunmaref TP-V'
412,"Schumann, Ingeborg",Geranium plant named Fisgeti,PLT/332,08/360342,PP09412,12/26/1995,http://www.lib.umd.edu/plantpatents/binaries/09400/pp09412.pdf,http://patft.uspto.gov/netacgi/nph-Parser?patentnumber=PP9412,1,2014-10-30T19:23:26Z,geranium,,1995,PP09412 -- Geranium plant named Fisgeti
413,"McGredy, Samuel D.",Miniature rose plant named 'Maccricke',PLT/116,08/315900,PP09413,1/2/1996,http://www.lib.umd.edu/plantpatents/binaries/09400/pp09413.pdf,http://patft.uspto.gov/netacgi/nph-Parser?patentnumber=PP9413,1,2014-11-01T08:30:28Z,rose,,1996,PP09413 -- Miniature rose plant named 'Maccricke'
414,"Meilland, Alain A.",Miniature rose plant named 'Meigloyel',PLT/118,08/384731,PP09414,1/2/1996,http://www.lib.umd.edu/plantpatents/binaries/09400/pp09414.pdf,http://patft.uspto.gov/netacgi/nph-Parser?patentnumber=PP9414,1,2014-11-01T08:30:58Z,rose,,1996,PP09414 -- Miniature rose plant named 'Meigloyel'
415,"Delbard, Georges",Hybrid tea rose plant named 'Delroumo',PLT/139,08/334115,PP09415,1/2/1996,http://www.lib.umd.edu/plantpatents/binaries/09400/pp09415.pdf,http://patft.uspto.gov/netacgi/nph-Parser?patentnumber=PP9415,1,2014-11-01T08:33:08Z,rose,,1996,PP09415 -- Hybrid tea rose plant named 'Delroumo'
416,"Hesse, Peter S.",Chrysanthemum plant named 'Icey Isle',PLT/294,08/414745,PP09416,1/2/1996,http://www.lib.umd.edu/plantpatents/binaries/09400/pp09416.pdf,http://patft.uspto.gov/netacgi/nph-Parser?patentnumber=PP9416,1,2014-11-01T08:33:56Z,chrysanthemum,,1996,PP09416 -- Chrysanthemum plant named 'Icey Isle'
417,"Hesse, Peter S.",Chrysanthemum plant named 'Canary Isle',PLT/295,08/422444,PP09417,1/2/1996,http://www.lib.umd.edu/plantpatents/binaries/09400/pp09417.pdf,http://patft.uspto.gov/netacgi/nph-Parser?patentnumber=PP9417,1,2014-11-01T08:34:20Z,chrysanthemum,,1996,PP09417 -- Chrysanthemum plant named 'Canary Isle'
418,"Hesse, Peter S.",Chrysanthemum plant named 'Caribbean Isle',PLT/297,08/414939,PP09418,1/2/1996,http://www.lib.umd.edu/plantpatents/binaries/09400/pp09418.pdf,http://patft.uspto.gov/netacgi/nph-Parser?patentnumber=PP9418,1,2014-11-01T08:43:24Z,chrysanthemum,,1996,PP09418 -- Chrysanthemum plant named 'Caribbean Isle'
419,"Olesen, Mogens N. et al.",Miniature rose plant named 'Poulit',PLT/121,08/367812,PP09419,1/9/1996,http://www.lib.umd.edu/plantpatents/binaries/09400/pp09419.pdf,http://patft.uspto.gov/netacgi/nph-Parser?patentnumber=PP9419,1,2014-11-01T08:46:56Z,rose,,1996,PP09419 -- Miniature rose plant named 'Poulit'
420,"Olesen, Mogens N. et al.",Miniature rose plant named 'Poulxas',PLT/126,08/367811,PP09420,1/9/1996,http://www.lib.umd.edu/plantpatents/binaries/09400/pp09420.pdf,http://patft.uspto.gov/netacgi/nph-Parser?patentnumber=PP9420,1,2014-11-01T08:48:58Z,rose,,1996,PP09420 -- Miniature rose plant named 'Poulxas'
421,"Pouw, A. A.",Hybrid tea rose plant named 'Ruicrevi',PLT/133,08/379272,PP09421,1/9/1996,http://www.lib.umd.edu/plantpatents/binaries/09400/pp09421.pdf,http://patft.uspto.gov/netacgi/nph-Parser?patentnumber=PP9421,2,2014-11-01T08:52:12Z,rose,,1996,PP09421 -- Hybrid tea rose plant named 'Ruicrevi'
422,"Zary, Keith W.",Hybrid tea rose plant named 'Jacmem',PLT/134,08/382866,PP09422,1/9/1996,http://www.lib.umd.edu/plantpatents/binaries/09400/pp09422.pdf,http://patft.uspto.gov/netacgi/nph-Parser?patentnumber=PP9422,1,2014-11-01T08:55:12Z,rose,,1996,PP09422 -- Hybrid tea rose plant named 'Jacmem'
423,"VandenBerg, Cornelis P.",Chrysanthemum plant named 'Soft Volare',PLT/297,08/277284,PP09423,1/9/1996,http://www.lib.umd.edu/plantpatents/binaries/09400/pp09423.pdf,http://patft.uspto.gov/netacgi/nph-Parser?patentnumber=PP9423,1,2014-11-01T09:08:40Z,chrysanthemum,,1996,PP09423 -- Chrysanthemum plant named 'Soft Volare'
424,"Jepsen, Knud",Kalanchoe plant named 'Jaqueline',PLT/337,08/376931,PP09424,1/9/1996,http://www.lib.umd.edu/plantpatents/binaries/09400/pp09424.pdf,http://patft.uspto.gov/netacgi/nph-Parser?patentnumber=PP9424,1,2014-11-02T10:10:10Z,kalanchoe,,1996,PP09424 -- Kalanchoe plant named 'Jaqueline'
425,"Frazer, Edwin J.",Dieffenbachia plant named Tropic Forest,PLT/378,08/374858,PP09425,1/9/1996,http://www.lib.umd.edu/plantpatents/binaries/09400/pp09425.pdf,http://patft.uspto.gov/netacgi/nph-Parser?patentnumber=PP9425,2,2014-11-02T10:10:52Z,dieffenbachia,,1996,PP09425 -- Dieffenbachia plant named Tropic Forest
426,"Bak, Gerardus J. et al.",Guzmania plant named Torch,PLT/371,08/366607,PP09426,1/9/1996,http://www.lib.umd.edu/plantpatents/binaries/09400/pp09426.pdf,http://patft.uspto.gov/netacgi/nph-Parser?patentnumber=PP9426,3,2014-11-02T10:11:20Z,guzmania,,1996,PP09426 -- Guzmania plant named Torch
427,"Jepsen, Knud",Kalanchoe plant named 'Isabella',PLT/341,08/376388,PP09427,1/16/1996,http://www.lib.umd.edu/plantpatents/binaries/09400/pp09427.pdf,http://patft.uspto.gov/netacgi/nph-Parser?patentnumber=PP9427,1,2014-11-02T11:07:52Z,kalanchoe,,1996,PP09427 -- Kalanchoe plant named 'Isabella'
428,"Jepsen, Knud",Kalanchoe plant named 'Debbie',PLT/341,08/376389,PP09428,1/16/1996,http://www.lib.umd.edu/plantpatents/binaries/09400/pp09428.pdf,http://patft.uspto.gov/netacgi/nph-Parser?patentnumber=PP9428,1,2014-11-02T11:08:16Z,kalanchoe,,1996,PP09428 -- Kalanchoe plant named 'Debbie'
429,"Jepsen, Knud",Kalanchoe plant named 'Fame',PLT/340,08/376390,PP09429,1/16/1996,http://www.lib.umd.edu/plantpatents/binaries/09400/pp09429.pdf,http://patft.uspto.gov/netacgi/nph-Parser?patentnumber=PP9429,1,2014-11-02T11:10:08Z,kalanchoe,,1996,PP09429 -- Kalanchoe plant named 'Fame'
430,"Poulsen, Jens N.",Elatior Begonia plant named 'Sanne',PLT/349,08/385871,PP09430,1/16/1996,http://www.lib.umd.edu/plantpatents/binaries/09400/pp09430.pdf,http://patft.uspto.gov/netacgi/nph-Parser?patentnumber=PP9430,1,2014-11-02T11:16:02Z,elatior begonia,,1996,PP09430 -- Elatior Begonia plant named 'Sanne'
431,"Poulsen, Jens N.",Elatior Begonia plant named 'Blenda',PLT/349,08/385872,PP09431,1/16/1996,http://www.lib.umd.edu/plantpatents/binaries/09400/pp09431.pdf,http://patft.uspto.gov/netacgi/nph-Parser?patentnumber=PP9431,1,2014-11-02T11:16:36Z,elatior begonia,,1996,PP09431 -- Elatior Begonia plant named 'Blenda'
432,"Poulsen, Jens N.",Elatior Begonia plant named 'Britta',PLT/347,08/385873,PP09432,1/16/1996,http://www.lib.umd.edu/plantpatents/binaries/09400/pp09432.pdf,http://patft.uspto.gov/netacgi/nph-Parser?patentnumber=PP9432,1,2014-11-02T11:22:04Z,elatior begonia,,1996,PP09432 -- Elatior Begonia plant named 'Britta'
433,"Poulsen, Jen N.",Elatior Begonia plant named 'Daisy',PLT/346,08/386319,PP09433,1/16/1996,http://www.lib.umd.edu/plantpatents/binaries/09400/pp09433.pdf,http://patft.uspto.gov/netacgi/nph-Parser?patentnumber=PP9433,1,2014-11-02T11:23:18Z,elatior begonia,,1996,PP09433 -- Elatior Begonia plant named 'Daisy'
434,"Frazer, Edwin J.",Dieffenbachia plant named Tropic Dawn,PLT/378,08/374860,PP09434,1/16/1996,http://www.lib.umd.edu/plantpatents/binaries/09400/pp09434.pdf,http://patft.uspto.gov/netacgi/nph-Parser?patentnumber=PP9434,1,2014-11-02T11:23:38Z,dieffenbachia,,1996,PP09434 -- Dieffenbachia plant named Tropic Dawn
435,"Saville, F. Harmon",Miniature rose plant named 'Savaden',PLT/119,08/364500,PP09435,1/23/1996,http://www.lib.umd.edu/plantpatents/binaries/09400/pp09435.pdf,http://patft.uspto.gov/netacgi/nph-Parser?patentnumber=PP9435,1,2014-11-02T11:31:28Z,rose,,1996,PP09435 -- Miniature rose plant named 'Savaden'
436,"Konta, Koichiro",'Hakko' cherry tree,PLT/181,08/337458,PP09436,1/23/1996,http://www.lib.umd.edu/plantpatents/binaries/09400/pp09436.pdf,http://patft.uspto.gov/netacgi/nph-Parser?patentnumber=PP9436,4,2014-11-02T11:34:16Z,cherry,,1996,PP09436 -- 'Hakko' cherry tree
437,"Zaiger, Chris F. et al.",Nectarine tree 'Liz's Late',PLT/192,08/365353,PP09437,1/23/1996,http://www.lib.umd.edu/plantpatents/binaries/09400/pp09437.pdf,http://patft.uspto.gov/netacgi/nph-Parser?patentnumber=PP9437,1,2014-11-02T11:48:40Z,nectarine,,1996,PP09437 -- Nectarine tree 'Liz's Late'
438,"Doyle, James F.",Peach tree 'Autumn Flame',PLT/198,08/371034,PP09438,1/23/1996,http://www.lib.umd.edu/plantpatents/binaries/09400/pp09438.pdf,http://patft.uspto.gov/netacgi/nph-Parser?patentnumber=PP9438,1,2014-11-02T11:57:36Z,peach,,1996,PP09438 -- Peach tree 'Autumn Flame'
439,"Moser, Frank C.",Azalea plant named Athena,PLT/239,08/381330,PP09439,1/23/1996,http://www.lib.umd.edu/plantpatents/binaries/09400/pp09439.pdf,http://patft.uspto.gov/netacgi/nph-Parser?patentnumber=PP9439,1,2014-11-02T11:58:18Z,azalea,,1996,PP09439 -- Azalea plant named Athena
440,"VandenBerg, Cornelis P.",Chrysanthemum plant named 'Heather',PLT/287,08/366498,PP09440,1/23/1996,http://www.lib.umd.edu/plantpatents/binaries/09400/pp09440.pdf,http://patft.uspto.gov/netacgi/nph-Parser?patentnumber=PP9440,3,2014-11-02T11:59:30Z,chrysanthemum,"One color, two black&white",1996,PP09440 -- Chrysanthemum plant named 'Heather'
441,"VandenBerg, Cornelis P.",Chrysanthemum plant named 'White Blush',PLT/294,08/296467,PP09441,1/23/1996,http://www.lib.umd.edu/plantpatents/binaries/09400/pp09441.pdf,http://patft.uspto.gov/netacgi/nph-Parser?patentnumber=PP9441,1,2014-11-02T12:08:06Z,chrysanthemum,,1996,PP09441 -- Chrysanthemum plant named 'White Blush'
442,"VandenBerg, Cornelis P.",Chrysanthemum plant named 'Coral Blush',PLT/296,08/296466,PP09442,1/23/1996,http://www.lib.umd.edu/plantpatents/binaries/09400/pp09442.pdf,http://patft.uspto.gov/netacgi/nph-Parser?patentnumber=PP9442,1,2014-11-02T12:12:32Z,chrysanthemum,,1996,PP09442 -- Chrysanthemum plant named 'Coral Blush'
443,"Twomey, Jerry",Hybrid Tea rose plant named Twohonor,PLT/137,08/153454,PP09443,1/30/1996,http://www.lib.umd.edu/plantpatents/binaries/09400/pp09443.pdf,http://patft.uspto.gov/netacgi/nph-Parser?patentnumber=PP9443,1,2014-11-02T12:20:50Z,rose,,1996,PP09443 -- Hybrid Tea rose plant named Twohonor
444,"VandenBerg, Cornelis P.",Chrysanthemum plant named 'Pink Blush',PLT/286,08/331863,PP09444,1/30/1996,http://www.lib.umd.edu/plantpatents/binaries/09400/pp09444.pdf,http://patft.uspto.gov/netacgi/nph-Parser?patentnumber=PP9444,1,2014-11-02T12:24:38Z,chrysanthemum,,1996,PP09444 -- Chrysanthemum plant named 'Pink Blush'
445,"VandenBerg, Cornelis P.",Chrysanthemum plant named 'Stephanie',PLT/294,08/367571,PP09445,1/30/1996,http://www.lib.umd.edu/plantpatents/binaries/09400/pp09445.pdf,http://patft.uspto.gov/netacgi/nph-Parser?patentnumber=PP9445,3,2014-11-02T12:25:18Z,chrysanthemum,"One color, two black&white",1996,PP09445 -- Chrysanthemum plant named 'Stephanie'
446,"van Andel, Jacob",Alstroemeria variety named 'Stabopink',PLT/309,08/372435,PP09446,1/30/1996,http://www.lib.umd.edu/plantpatents/binaries/09400/pp09446.pdf,http://patft.uspto.gov/netacgi/nph-Parser?patentnumber=PP9446,1,2014-11-02T12:27:04Z,alstroemeria,,1996,PP09446 -- Alstroemeria variety named 'Stabopink'
447,"Poulsen, Jens N.",Elatior Begonia plant named Tina,PLT/346,08/388582,PP09447,1/30/1996,http://www.lib.umd.edu/plantpatents/binaries/09400/pp09447.pdf,http://patft.uspto.gov/netacgi/nph-Parser?patentnumber=PP9447,1,2014-11-02T12:30:28Z,elatior begonia,,1996,PP09447 -- Elatior Begonia plant named Tina
448,"van Andel, Jacob",Alstroemeria variety named 'Statiren',PLT/309,08/372434,PP09448,2/6/1996,http://www.lib.umd.edu/plantpatents/binaries/09400/pp09448.pdf,http://patft.uspto.gov/netacgi/nph-Parser?patentnumber=PP9448,1,2014-11-02T12:39:02Z,alstroemeria,,1996,PP09448 -- Alstroemeria variety named 'Statiren'
449,"Lamb, Ann E.",Anthurium plant named 'Lavender Aristocrat',PLT/368,08/366330,PP09449,2/6/1996,http://www.lib.umd.edu/plantpatents/binaries/09400/pp09449.pdf,http://patft.uspto.gov/netacgi/nph-Parser?patentnumber=PP9449,1,2014-11-02T12:52:56Z,anthurium,,1996,PP09449 -- Anthurium plant named 'Lavender Aristocrat'
450,"Lamb, Ann E. et al.",Anthurium plant named 'Passion',PLT/367,08/382790,PP09450,2/6/1996,http://www.lib.umd.edu/plantpatents/binaries/09400/pp09450.pdf,http://patft.uspto.gov/netacgi/nph-Parser?patentnumber=PP9450,1,2014-11-02T12:53:22Z,anthurium,,1996,PP09450 -- Anthurium plant named 'Passion'
451,,TEXT AVAILABLE IN USOCR DATABASE,PLT/295,,PP09451,2/13/1996,http://www.lib.umd.edu/plantpatents/binaries/09400/pp09451.pdf,http://patft.uspto.gov/netacgi/nph-Parser?patentnumber=PP9451,1,2014-11-02T12:56:16Z, ,,1996,PP09451 -- TEXT AVAILABLE IN USOCR DATABASE
452,"Drewlow, Lyndon W.",Poinsettia plant named 'Red Delight',PLT/307,08/383841,PP09452,2/13/1996,http://www.lib.umd.edu/plantpatents/binaries/09400/pp09452.pdf,http://patft.uspto.gov/netacgi/nph-Parser?patentnumber=PP9452,1,2014-11-02T12:56:42Z,poinsettia,,1996,PP09452 -- Poinsettia plant named 'Red Delight'
453,,TEXT AVAILABLE IN USOCR DATABASE,PLT/376,,PP09453,2/13/1996,http://www.lib.umd.edu/plantpatents/binaries/09400/pp09453.pdf,http://patft.uspto.gov/netacgi/nph-Parser?patentnumber=PP9453,3,2014-11-02T12:57:24Z, ,,1996,PP09453 -- TEXT AVAILABLE IN USOCR DATABASE
454,"Mortensen, John A.",Grape plant called 'Southern Home',PLT/206,08/358452,PP09454,2/20/1996,http://www.lib.umd.edu/plantpatents/binaries/09400/pp09454.pdf,http://patft.uspto.gov/netacgi/nph-Parser?patentnumber=PP9454,3,2014-11-02T12:58:46Z,grape,"Two color, one black&white",1996,PP09454 -- Grape plant called 'Southern Home'
455,"Polys, Susan M.",Chrysanthemum plant named Yellow Blush,PLT/295,08/331862,PP09455,2/20/1996,http://www.lib.umd.edu/plantpatents/binaries/09400/pp09455.pdf,http://patft.uspto.gov/netacgi/nph-Parser?patentnumber=PP9455,1,2014-11-02T12:59:14Z,chrysanthemum,,1996,PP09455 -- Chrysanthemum plant named Yellow Blush
456,"van Andel, Jacob",Alstroemeria variety named 'Stasach',PLT/309,08/372433,PP09456,2/20/1996,http://www.lib.umd.edu/plantpatents/binaries/09400/pp09456.pdf,http://patft.uspto.gov/netacgi/nph-Parser?patentnumber=PP9456,1,2014-11-02T12:59:52Z,alstroemeria,,1996,PP09456 -- Alstroemeria variety named 'Stasach'
457,"Olesen, Pernille et al.",Shrub rose plant named 'Poulshine',PLT/107,08/380123,PP09457,2/27/1996,http://www.lib.umd.edu/plantpatents/binaries/09400/pp09457.pdf,http://patft.uspto.gov/netacgi/nph-Parser?patentnumber=PP9457,1,2014-11-02T13:01:48Z,rose,,1996,PP09457 -- Shrub rose plant named 'Poulshine'
458,"van Andel, Jacob",Alstroemeria variety named Stapiros,PLT/309,08/372432,PP09458,2/27/1996,http://www.lib.umd.edu/plantpatents/binaries/09400/pp09458.pdf,http://patft.uspto.gov/netacgi/nph-Parser?patentnumber=PP9458,1,2014-11-02T13:02:30Z,alstroemeria,,1996,PP09458 -- Alstroemeria variety named Stapiros
459,"Mak, Johannes A.",Lily plant named 'Siberia',PLT/315,08/396651,PP09459,2/27/1996,http://www.lib.umd.edu/plantpatents/binaries/09400/pp09459.pdf,http://patft.uspto.gov/netacgi/nph-Parser?patentnumber=PP9459,1,2014-11-02T13:12:16Z,lily,,1996,PP09459 -- Lily plant named 'Siberia'
460,"Hvid, Soren",Begonia plant named 'Edinburgh',PLT/349,08/385183,PP09460,2/27/1996,http://www.lib.umd.edu/plantpatents/binaries/09400/pp09460.pdf,http://patft.uspto.gov/netacgi/nph-Parser?patentnumber=PP9460,1,2014-11-02T13:12:58Z,begonia,,1996,PP09460 -- Begonia plant named 'Edinburgh'
461,"Gentry, Leo E.",Barberry plant 'Gentry' cultivar,PLT/241,08/295412,PP09461,3/5/1996,http://www.lib.umd.edu/plantpatents/binaries/09400/pp09461.pdf,http://patft.uspto.gov/netacgi/nph-Parser?patentnumber=PP9461,1,2014-11-09T17:16:46Z,barberry,,1996,PP09461 -- Barberry plant 'Gentry' cultivar
462,"Hofstede, J. G. et al.",Hydrangea plant named 'Hobella',PLT/250,08/399471,PP09462,3/5/1996,http://www.lib.umd.edu/plantpatents/binaries/09400/pp09462.pdf,http://patft.uspto.gov/netacgi/nph-Parser?patentnumber=PP9462,2,2014-11-09T17:18:16Z,hydrangea,,1996,PP09462 -- Hydrangea plant named 'Hobella'
463,"Challet, Jean-Pierre",Chrysanthemum plant named 'Chalecat',PLT/287,08/273998,PP09463,3/5/1996,http://www.lib.umd.edu/plantpatents/binaries/09400/pp09463.pdf,http://patft.uspto.gov/netacgi/nph-Parser?patentnumber=PP9463,4,2014-11-09T18:00:32Z,chrysanthemum,,1996,PP09463 -- Chrysanthemum plant named 'Chalecat'
464,"Challet, Jean-Pierre",Chrysanthemum plant named 'Chaplou',PLT/296,08/273992,PP09464,3/5/1996,http://www.lib.umd.edu/plantpatents/binaries/09400/pp09464.pdf,http://patft.uspto.gov/netacgi/nph-Parser?patentnumber=PP9464,3,2014-11-13T14:55:38Z,chrysanthemum,,1996,PP09464 -- Chrysanthemum plant named 'Chaplou'
465,"Challet, Jean-Pierre",Chrysanthemum plant named 'Chakara',PLT/296,08/273994,PP09465,3/5/1996,http://www.lib.umd.edu/plantpatents/binaries/09400/pp09465.pdf,http://patft.uspto.gov/netacgi/nph-Parser?patentnumber=PP9465,3,2014-11-13T14:56:40Z,chrysanthemum,,1996,PP09465 -- Chrysanthemum plant named 'Chakara'
466,"Bridgen, Mark P.",Alstroemeria 'Redcoat',PLT/309,08/355061,PP09466,3/5/1996,http://www.lib.umd.edu/plantpatents/binaries/09400/pp09466.pdf,http://patft.uspto.gov/netacgi/nph-Parser?patentnumber=PP9466,1,2014-11-13T15:03:46Z,alstroemeria,,1996,PP09466 -- Alstroemeria 'Redcoat'
467,"Kent, Jeffrey C.",Bromeliad plant named 'Guz 215',PLT/371,08/364597,PP09467,3/5/1996,http://www.lib.umd.edu/plantpatents/binaries/09400/pp09467.pdf,http://patft.uspto.gov/netacgi/nph-Parser?patentnumber=PP9467,1,2014-11-13T16:02:22Z,bromeliad,,1996,PP09467 -- Bromeliad plant named 'Guz 215'
468,"Meilland, Alain A.",Shrub rose plant named 'Meirozrug',PLT/107,08/495843,PP09468,3/12/1996,http://www.lib.umd.edu/plantpatents/binaries/09400/pp09468.pdf,http://patft.uspto.gov/netacgi/nph-Parser?patentnumber=PP9468,1,2014-11-13T16:16:38Z,rose,,1996,PP09468 -- Shrub rose plant named 'Meirozrug'
469,"Meilland,Alain A.",Shrub rose plant named 'Meibonrib',PLT/107,08/496160,PP09469,3/12/1996,http://www.lib.umd.edu/plantpatents/binaries/09400/pp09469.pdf,http://patft.uspto.gov/netacgi/nph-Parser?patentnumber=PP9469,1,2014-11-13T16:17:26Z,rose,,1996,PP09469 -- Shrub rose plant named 'Meibonrib'
470,"Zaiger, Chris F. et al.",Peach tree 'Snow Fire',PLT/196,08/406133,PP09470,3/12/1996,http://www.lib.umd.edu/plantpatents/binaries/09400/pp09470.pdf,http://patft.uspto.gov/netacgi/nph-Parser?patentnumber=PP9470,1,2014-11-13T16:19:20Z,peach,,1996,PP09470 -- Peach tree 'Snow Fire'
471,"Challet, Jean-Pierre",Chrysanthemum plant named 'Chasica',PLT/287,08/274000,PP09471,3/12/1996,http://www.lib.umd.edu/plantpatents/binaries/09400/pp09471.pdf,http://patft.uspto.gov/netacgi/nph-Parser?patentnumber=PP9471,2,2014-11-13T16:20:32Z,chrysanthemum,,1996,PP09471 -- Chrysanthemum plant named 'Chasica'
472,"Challet, Jean-Pierre",Chrysanthemum plant named 'Chahalu',PLT/289,08/273996,PP09472,3/12/1996,http://www.lib.umd.edu/plantpatents/binaries/09400/pp09472.pdf,http://patft.uspto.gov/netacgi/nph-Parser?patentnumber=PP9472,2,2014-11-13T16:31:06Z,chrysanthemum,,1996,PP09472 -- Chrysanthemum plant named 'Chahalu'
473,"Challet, Jean-Pierre",Chrysanthemum plant named 'Chaprila',PLT/295,08/274001,PP09473,3/12/1996,http://www.lib.umd.edu/plantpatents/binaries/09400/pp09473.pdf,http://patft.uspto.gov/netacgi/nph-Parser?patentnumber=PP9473,4,2014-11-13T16:33:14Z,chrysanthemum,,1996,PP09473 -- Chrysanthemum plant named 'Chaprila'
474,"Dahlqvist-Olsson, Eva",Poinsettia plant named 'Nobelstar',PLT/307,08/358881,PP09474,3/12/1996,http://www.lib.umd.edu/plantpatents/binaries/09400/pp09474.pdf,http://patft.uspto.gov/netacgi/nph-Parser?patentnumber=PP9474,1,2014-11-13T16:33:44Z,poinsettia,,1996,PP09474 -- Poinsettia plant named 'Nobelstar'
475,"Kent, Jeffrey C.",Bromeliad plant named 'Guz 211',PLT/371,08/323726,PP09475,3/12/1996,http://www.lib.umd.edu/plantpatents/binaries/09400/pp09475.pdf,http://patft.uspto.gov/netacgi/nph-Parser?patentnumber=PP9475,1,2014-11-13T16:35:36Z,bromeliad,,1996,PP09475 -- Bromeliad plant named 'Guz 211'
476,"Kent, Jeffrey C.",Bromeliad plant named 'GUZ 214',PLT/371,08/364596,PP09476,3/12/1996,http://www.lib.umd.edu/plantpatents/binaries/09400/pp09476.pdf,http://patft.uspto.gov/netacgi/nph-Parser?patentnumber=PP9476,1,2014-11-13T16:36:34Z,bromeliad,,1996,PP09476 -- Bromeliad plant named 'GUZ 214'
477,"McGregor, Graeme",Red Raspberry plant named 'Dinkum',PLT/204,08/230113,PP09477,3/19/1996,http://www.lib.umd.edu/plantpatents/binaries/09400/pp09477.pdf,http://patft.uspto.gov/netacgi/nph-Parser?patentnumber=PP9477,3,2014-11-13T16:50:42Z,raspberry,,1996,PP09477 -- Red Raspberry plant named 'Dinkum'
478,"Challet, Jean-Pierre",Chrysanthemum plant named 'Charibo',PLT/288,08/273995,PP09478,3/19/1996,http://www.lib.umd.edu/plantpatents/binaries/09400/pp09478.pdf,http://patft.uspto.gov/netacgi/nph-Parser?patentnumber=PP9478,2,2014-11-13T16:58:00Z,chrysanthemum,,1996,PP09478 -- Chrysanthemum plant named 'Charibo'
479,"Challet, Jean-Pierre",Chrysanthemum plant named 'Chakuse',PLT/289,08/273993,PP09479,3/19/1996,http://www.lib.umd.edu/plantpatents/binaries/09400/pp09479.pdf,http://patft.uspto.gov/netacgi/nph-Parser?patentnumber=PP9479,3,2014-11-13T17:42:06Z,chrysanthemum,,1996,PP09479 -- Chrysanthemum plant named 'Chakuse'
480,"Challet, Jean-Pierre",Chrysanthemum plant named 'Chatupa',PLT/290,08/273997,PP09480,3/19/1996,http://www.lib.umd.edu/plantpatents/binaries/09400/pp09480.pdf,http://patft.uspto.gov/netacgi/nph-Parser?patentnumber=PP9480,4,2014-11-13T17:46:34Z,chrysanthemum,,1996,PP09480 -- Chrysanthemum plant named 'Chatupa'
481,"Challet, Jean-Pierre",Chrysanthemum plant named 'Charemi',PLT/291,08/274002,PP09481,3/19/1996,http://www.lib.umd.edu/plantpatents/binaries/09400/pp09481.pdf,http://patft.uspto.gov/netacgi/nph-Parser?patentnumber=PP9481,3,2014-11-13T17:50:30Z,chrysanthemum,,1996,PP09481 -- Chrysanthemum plant named 'Charemi'
482,"Olesen, Mogens N. et al.",Miniature rose plant named 'Poulprima',PLT/122,08/409754,PP09482,3/26/1996,http://www.lib.umd.edu/plantpatents/binaries/09400/pp09482.pdf,http://patft.uspto.gov/netacgi/nph-Parser?patentnumber=PP9482,1,2014-11-15T07:05:14Z,rose,,1996,PP09482 -- Miniature rose plant named 'Poulprima'
483,"Olesen, Mogens N. et al.",Miniature rose plant named 'Poulhappy',PLT/122,08/410359,PP09483,3/26/1996,http://www.lib.umd.edu/plantpatents/binaries/09400/pp09483.pdf,http://patft.uspto.gov/netacgi/nph-Parser?patentnumber=PP9483,1,2014-11-15T07:20:16Z,rose,,1996,PP09483 -- Miniature rose plant named 'Poulhappy'
484,"Magee, Jack M.",Ilex hybrid variety named 'Coned',PLT/247,08/400031,PP09484,3/26/1996,http://www.lib.umd.edu/plantpatents/binaries/09400/pp09484.pdf,http://patft.uspto.gov/netacgi/nph-Parser?patentnumber=PP9484,2,2014-11-15T09:36:42Z,ilex,,1996,PP09484 -- Ilex hybrid variety named 'Coned'
485,"Magee, Jack M.",Ilex hybrid variety named 'Conal',PLT/247,08/402350,PP09485,3/26/1996,http://www.lib.umd.edu/plantpatents/binaries/09400/pp09485.pdf,http://patft.uspto.gov/netacgi/nph-Parser?patentnumber=PP9485,2,2014-11-15T10:03:30Z,ilex,,1996,PP09485 -- Ilex hybrid variety named 'Conal'
486,"Magee, Jack M.",Ilex hybrid variety named 'Conin',PLT/247,08/404105,PP09486,3/26/1996,http://www.lib.umd.edu/plantpatents/binaries/09400/pp09486.pdf,http://patft.uspto.gov/netacgi/nph-Parser?patentnumber=PP9486,2,2014-11-16T09:29:10Z,ilex,,1996,PP09486 -- Ilex hybrid variety named 'Conin'
487,"Magee, Jack M.",Ilex hybrid variety named 'Conaf',PLT/247,08/408541,PP09487,3/26/1996,http://www.lib.umd.edu/plantpatents/binaries/09400/pp09487.pdf,http://patft.uspto.gov/netacgi/nph-Parser?patentnumber=PP9487,2,2014-11-16T10:27:28Z,ilex,,1996,PP09487 -- Ilex hybrid variety named 'Conaf'
488,"Endisch, Gerd et al.",Geranium plant named Lorca,PLT/325,08/384008,PP09488,3/26/1996,http://www.lib.umd.edu/plantpatents/binaries/09400/pp09488.pdf,http://patft.uspto.gov/netacgi/nph-Parser?patentnumber=PP9488,1,2014-11-16T10:27:54Z,geranium,,1996,PP09488 -- Geranium plant named Lorca
489,"Endisch, Gerd et al.",Geranium plant named Faro,PLT/330,08/384010,PP09489,3/26/1996,http://www.lib.umd.edu/plantpatents/binaries/09400/pp09489.pdf,http://patft.uspto.gov/netacgi/nph-Parser?patentnumber=PP9489,1,2014-11-16T10:29:38Z,geranium,,1996,PP09489 -- Geranium plant named Faro
490,"Endisch, Gerd et al.",Geranium plant named 'Areno',PLT/325,08/384160,PP09490,3/26/1996,http://www.lib.umd.edu/plantpatents/binaries/09400/pp09490.pdf,http://patft.uspto.gov/netacgi/nph-Parser?patentnumber=PP9490,1,2014-11-16T11:17:18Z,geranium,,1996,PP09490 -- Geranium plant named 'Areno'
491,"van Geest, J.",Ficus plant named Indigo,PLT/211,08/382363,PP09491,3/26/1996,http://www.lib.umd.edu/plantpatents/binaries/09400/pp09491.pdf,http://patft.uspto.gov/netacgi/nph-Parser?patentnumber=PP9491,2,2014-11-16T11:17:48Z,ficus,,1996,PP09491 -- Ficus plant named Indigo
492,"Zary, Keith W.",Climber rose plant named 'JACpicl',PLT/114,08/386145,PP09492,4/2/1996,http://www.lib.umd.edu/plantpatents/binaries/09400/pp09492.pdf,http://patft.uspto.gov/netacgi/nph-Parser?patentnumber=PP9492,2,2014-11-16T11:19:40Z,rose,,1996,PP09492 -- Climber rose plant named 'JACpicl'
493,"Zary, Keith W.",Miniature rose plant named 'JACwiq',PLT/123,08/386944,PP09493,4/2/1996,http://www.lib.umd.edu/plantpatents/binaries/09400/pp09493.pdf,http://patft.uspto.gov/netacgi/nph-Parser?patentnumber=PP9493,1,2014-11-16T11:32:18Z,rose,,1996,PP09493 -- Miniature rose plant named 'JACwiq'
494,"Zary, Keith W.",Floribunda rose plant named 'JACsur',PLT/147,08/386955,PP09494,4/2/1996,http://www.lib.umd.edu/plantpatents/binaries/09400/pp09494.pdf,http://patft.uspto.gov/netacgi/nph-Parser?patentnumber=PP9494,1,2014-11-16T12:01:34Z,rose,,1996,PP09494 -- Floribunda rose plant named 'JACsur'
495,"Bradford, Lowell G. et al.",Nectarine tree 'Diamond Bright',PLT/190,08/408542,PP09495,4/2/1996,http://www.lib.umd.edu/plantpatents/binaries/09400/pp09495.pdf,http://patft.uspto.gov/netacgi/nph-Parser?patentnumber=PP9495,1,2014-11-16T12:16:06Z,nectarine,,1996,PP09495 -- Nectarine tree 'Diamond Bright'
496,"Endisch, Gerd et al.",Geranium plant named 'Morella',PLT/330,08/384009,PP09496,4/2/1996,http://www.lib.umd.edu/plantpatents/binaries/09400/pp09496.pdf,http://patft.uspto.gov/netacgi/nph-Parser?patentnumber=PP9496,1,2014-11-16T12:22:54Z,geranium,,1996,PP09496 -- Geranium plant named 'Morella'
497,"Imazio, Bruno L.",Heath plant named 'Happy II',PLT/231,08/361631,PP09497,4/9/1996,http://www.lib.umd.edu/plantpatents/binaries/09400/pp09497.pdf,http://patft.uspto.gov/netacgi/nph-Parser?patentnumber=PP9497,1,2014-12-14T10:04:18Z,heath,,1996,PP09497 -- Heath plant named 'Happy II'
498,"Magee, Jack M.",Ilex hybrid variety named 'Conive',PLT/247,08/413270,PP09498,4/9/1996,http://www.lib.umd.edu/plantpatents/binaries/09400/pp09498.pdf,http://patft.uspto.gov/netacgi/nph-Parser?patentnumber=PP9498,2,2014-12-14T10:06:30Z,ilex,,1996,PP09498 -- Ilex hybrid variety named 'Conive'
499,"Ebihara, Hiroshi",Hydrangea plant named 'Frau Katsuko',PLT/250,08/412520,PP09499,4/9/1996,http://www.lib.umd.edu/plantpatents/binaries/09400/pp09499.pdf,http://patft.uspto.gov/netacgi/nph-Parser?patentnumber=PP9499,1,2014-12-14T10:21:02Z,hydrangea,,1996,PP09499 -- Hydrangea plant named 'Frau Katsuko'
500,"Ebihara, Hiroshi",Hydrangea plant named 'Frau Reiko',PLT/250,08/412975,PP09500,4/9/1996,http://www.lib.umd.edu/plantpatents/binaries/09500/pp09500.pdf,http://patft.uspto.gov/netacgi/nph-Parser?patentnumber=PP9500,2,2014-12-14T10:30:20Z,hydrangea,,1996,PP09500 -- Hydrangea plant named 'Frau Reiko'
501,"Schrama, Ronald",Carnation plant named Mondriaan,PLT/273,08/392485,PP09501,4/9/1996,http://www.lib.umd.edu/plantpatents/binaries/09500/pp09501.pdf,http://patft.uspto.gov/netacgi/nph-Parser?patentnumber=PP9501,2,2014-12-14T12:36:36Z,carnation,,1996,PP09501 -- Carnation plant named Mondriaan
502,"Challet, Jean-Pierre",Chrysanthemum plant named 'Chalurido',PLT/287,08/273999,PP09502,4/9/1996,http://www.lib.umd.edu/plantpatents/binaries/09500/pp09502.pdf,http://patft.uspto.gov/netacgi/nph-Parser?patentnumber=PP9502,1,2014-12-14T15:16:02Z,chrysanthemum,,1996,PP09502 -- Chrysanthemum plant named 'Chalurido'
503,"Schumann, Ingeborg",Geranium plant named 'Fischic',PLT/332,08/360346,PP09503,4/9/1996,http://www.lib.umd.edu/plantpatents/binaries/09500/pp09503.pdf,http://patft.uspto.gov/netacgi/nph-Parser?patentnumber=PP9503,2,2014-12-14T16:09:00Z,geranium,,1996,PP09503 -- Geranium plant named 'Fischic'
504,"Koppe, Lubbertus H.",Begonia plant named 'Azotus',PLT/349,08/361320,PP09504,4/9/1996,http://www.lib.umd.edu/plantpatents/binaries/09500/pp09504.pdf,http://patft.uspto.gov/netacgi/nph-Parser?patentnumber=PP9504,2,2014-12-14T16:15:08Z,begonia,,1996,PP09504 -- Begonia plant named 'Azotus'
505,"Hvid, Soren",Begonia plant named 'Berlin',PLT/348,08/384547,PP09505,4/9/1996,http://www.lib.umd.edu/plantpatents/binaries/09500/pp09505.pdf,http://patft.uspto.gov/netacgi/nph-Parser?patentnumber=PP9505,1,2014-12-14T16:16:46Z,begonia,,1996,PP09505 -- Begonia plant named 'Berlin'
506,"Saville, F. Harmon",Miniature rose plant named 'Savabe',PLT/118,08/364591,PP09506,4/16/1996,http://www.lib.umd.edu/plantpatents/binaries/09500/pp09506.pdf,http://patft.uspto.gov/netacgi/nph-Parser?patentnumber=PP9506,1,2014-12-14T16:17:46Z,rose,,1996,PP09506 -- Miniature rose plant named 'Savabe'
507,"Saville, F. Harmon",Miniature rose plant named 'Savasorc',PLT/129,08/364594,PP09507,4/16/1996,http://www.lib.umd.edu/plantpatents/binaries/09500/pp09507.pdf,http://patft.uspto.gov/netacgi/nph-Parser?patentnumber=PP9507,1,2014-12-14T16:18:22Z,rose,,1996,PP09507 -- Miniature rose plant named 'Savasorc'
508,"Lynd, Andrew M.",'Fuji-Spike' apple tree,PLT/168,08/359240,PP09508,4/16/1996,http://www.lib.umd.edu/plantpatents/binaries/09500/pp09508.pdf,http://patft.uspto.gov/netacgi/nph-Parser?patentnumber=PP9508,6,2014-12-14T16:19:56Z,apple,,1996,PP09508 -- 'Fuji-Spike' apple tree
509,"Angus, Timothy P. et al.",Chamelaucium uncinatum--'Cascade Brook',PLT/229,08/405211,PP09509,4/16/1996,http://www.lib.umd.edu/plantpatents/binaries/09500/pp09509.pdf,http://patft.uspto.gov/netacgi/nph-Parser?patentnumber=PP9509,2,2014-12-14T16:25:20Z,chamelaucium uncinatum,,1996,PP09509 -- Chamelaucium uncinatum--'Cascade Brook'
510,"Ebihara, Hiroshi",Hydrangea plant named 'Frau Machiko',PLT/250,08/384940,PP09510,4/16/1996,http://www.lib.umd.edu/plantpatents/binaries/09500/pp09510.pdf,http://patft.uspto.gov/netacgi/nph-Parser?patentnumber=PP9510,1,2014-12-14T16:39:00Z,hydrangea,,1996,PP09510 -- Hydrangea plant named 'Frau Machiko'
511,"Tanikoshi, Tokio et al.",Hops named 'Furano No. 18',PLT/236,08/271501,PP09511,4/16/1996,http://www.lib.umd.edu/plantpatents/binaries/09500/pp09511.pdf,http://patft.uspto.gov/netacgi/nph-Parser?patentnumber=PP9511,4,2014-12-14T16:39:48Z,hops,,1996,PP09511 -- Hops named 'Furano No. 18'
512,"Olij, Huibert W.",Floribunda rose plant names 'Olysko',PLT/145,08/399927,PP09512,4/23/1996,http://www.lib.umd.edu/plantpatents/binaries/09500/pp09512.pdf,http://patft.uspto.gov/netacgi/nph-Parser?patentnumber=PP9512,1,2014-12-14T16:44:34Z,rose,,1996,PP09512 -- Floribunda rose plant names 'Olysko'
513,"Chamberlin, Sr., Thomas O.",'September King' plum tree,PLT/184,08/410073,PP09513,4/23/1996,http://www.lib.umd.edu/plantpatents/binaries/09500/pp09513.pdf,http://patft.uspto.gov/netacgi/nph-Parser?patentnumber=PP9513,1,2014-12-14T16:45:48Z,plum,,1996,PP09513 -- 'September King' plum tree
514,"Taylor, James W.",Nectarine tree 'Prince Jim',PLT/187,08/415480,PP09514,4/23/1996,http://www.lib.umd.edu/plantpatents/binaries/09500/pp09514.pdf,http://patft.uspto.gov/netacgi/nph-Parser?patentnumber=PP9514,1,2014-12-14T16:46:14Z,nectarine,,1996,PP09514 -- Nectarine tree 'Prince Jim'
515,"Bradford, Lowell G. et al.",Peach tree 'White Princess',PLT/196,08/409144,PP09515,4/23/1996,http://www.lib.umd.edu/plantpatents/binaries/09500/pp09515.pdf,http://patft.uspto.gov/netacgi/nph-Parser?patentnumber=PP9515,1,2014-12-14T16:46:48Z,peach,,1996,PP09515 -- Peach tree 'White Princess'
516,"Augustine, John R.",Caesalpinia plant named 'Descap',PLT/226,08/388611,PP09516,4/23/1996,http://www.lib.umd.edu/plantpatents/binaries/09500/pp09516.pdf,http://patft.uspto.gov/netacgi/nph-Parser?patentnumber=PP9516,1,2014-12-14T16:47:26Z,caesalpinia,,1996,PP09516 -- Caesalpinia plant named 'Descap'
517,"Schrama, Ronald",Carnation plant named Frans Hals,PLT/278,08/393372,PP09517,4/23/1996,http://www.lib.umd.edu/plantpatents/binaries/09500/pp09517.pdf,http://patft.uspto.gov/netacgi/nph-Parser?patentnumber=PP9517,2,2014-12-20T07:28:22Z,carnation,,1996,PP09517 -- Carnation plant named Frans Hals
518,"Polys, Susan M.",Chrysanthemum plant named 'Apricot Blush',PLT/296,08/331860,PP09518,4/23/1996,http://www.lib.umd.edu/plantpatents/binaries/09500/pp09518.pdf,http://patft.uspto.gov/netacgi/nph-Parser?patentnumber=PP9518,1,2014-12-20T08:12:12Z,chrysanthemum,,1996,PP09518 -- Chrysanthemum plant named 'Apricot Blush'
519,"Egger, Donald L. et al.",Asiatic hybrid lily plant named 'Ceb Fuzzy',PLT/314,08/398341,PP09519,4/23/1996,http://www.lib.umd.edu/plantpatents/binaries/09500/pp09519.pdf,http://patft.uspto.gov/netacgi/nph-Parser?patentnumber=PP9519,1,2014-12-20T08:14:22Z,lily,,1996,PP09519 -- Asiatic hybrid lily plant named 'Ceb Fuzzy'
520,"Trees, Scott C.",New Guinea Impatiens named 'BFP-467 Cherry Red',PLT/318.7,08/422228,PP09520,4/23/1996,http://www.lib.umd.edu/plantpatents/binaries/09500/pp09520.pdf,http://patft.uspto.gov/netacgi/nph-Parser?patentnumber=PP9520,1,2014-12-20T08:39:16Z,impatiens,,1996,PP09520 -- New Guinea Impatiens named 'BFP-467 Cherry Red'
521,"Trees, Scott C.",New Guinea Impatiens named 'BFP-523 Deep Red',PLT/318.7,08/422231,PP09521,4/23/1996,http://www.lib.umd.edu/plantpatents/binaries/09500/pp09521.pdf,http://patft.uspto.gov/netacgi/nph-Parser?patentnumber=PP9521,1,2014-12-20T08:54:08Z,impatiens,,1996,PP09521 -- New Guinea Impatiens named 'BFP-523 Deep Red'
522,"Schumann, Ingeborg et al.",Geranium plant named 'Fisuna',PLT/332,08/360645,PP09522,4/23/1996,http://www.lib.umd.edu/plantpatents/binaries/09500/pp09522.pdf,http://patft.uspto.gov/netacgi/nph-Parser?patentnumber=PP9522,1,2014-12-20T08:54:42Z,geranium,,1996,PP09522 -- Geranium plant named 'Fisuna'
523,"Koppe, Lubbertus H.",Begonia plant named 'Barkos',PLT/349,08/361319,PP09523,4/23/1996,http://www.lib.umd.edu/plantpatents/binaries/09500/pp09523.pdf,http://patft.uspto.gov/netacgi/nph-Parser?patentnumber=PP9523,3,2014-12-20T08:58:52Z,begonia,,1996,PP09523 -- Begonia plant named 'Barkos'
524,"Austin, David C. H.",Shrub rose plant named 'Ausmol',PLT/104,08/404160,PP09524,4/30/1996,http://www.lib.umd.edu/plantpatents/binaries/09500/pp09524.pdf,http://patft.uspto.gov/netacgi/nph-Parser?patentnumber=PP9524,1,2014-12-20T09:09:50Z,rose,,1996,PP09524 -- Shrub rose plant named 'Ausmol'
525,"Austin, David C. H.",Shrub rose plant named 'Aussal',PLT/107,08/404161,PP09525,4/30/1996,http://www.lib.umd.edu/plantpatents/binaries/09500/pp09525.pdf,http://patft.uspto.gov/netacgi/nph-Parser?patentnumber=PP9525,1,2014-12-20T09:41:34Z,rose,,1996,PP09525 -- Shrub rose plant named 'Aussal'
526,"Austin, David C. H.",Shrub rose plant named 'Ausmak',PLT/107,08/404332,PP09526,4/30/1996,http://www.lib.umd.edu/plantpatents/binaries/09500/pp09526.pdf,http://patft.uspto.gov/netacgi/nph-Parser?patentnumber=PP9526,1,2014-12-20T09:42:16Z,rose,,1996,PP09526 -- Shrub rose plant named 'Ausmak'
527,"Austin, David C. H.",Shrub rose plant named 'Ausmum',PLT/104,08/457999,PP09527,4/30/1996,http://www.lib.umd.edu/plantpatents/binaries/09500/pp09527.pdf,http://patft.uspto.gov/netacgi/nph-Parser?patentnumber=PP9527,1,2014-12-20T09:59:24Z,rose,,1996,PP09527 -- Shrub rose plant named 'Ausmum'
528,"Saville, F. Harmon",Miniature rose plant named 'Savember',PLT/122,08/364592,PP09528,4/30/1996,http://www.lib.umd.edu/plantpatents/binaries/09500/pp09528.pdf,http://patft.uspto.gov/netacgi/nph-Parser?patentnumber=PP9528,1,2015-01-29T15:18:00Z,rose,,1996,PP09528 -- Miniature rose plant named 'Savember'
529,"Zaiger, Chris F. et al.",Peach tree 'Summer Zee',PLT/198,08/415849,PP09529,4/30/1996,http://www.lib.umd.edu/plantpatents/binaries/09500/pp09529.pdf,http://patft.uspto.gov/netacgi/nph-Parser?patentnumber=PP9529,1,2015-01-29T15:18:28Z,peach,,1996,PP09529 -- Peach tree 'Summer Zee'
530,"Salas, Juan A.",'Fruta De Oro Seedless' avocado tree,PLT/200,08/409853,PP09530,4/30/1996,http://www.lib.umd.edu/plantpatents/binaries/09500/pp09530.pdf,http://patft.uspto.gov/netacgi/nph-Parser?patentnumber=PP9530,1,2015-01-29T15:18:52Z,avocado,,1996,PP09530 -- 'Fruta De Oro Seedless' avocado tree
531,"Angus, Timothy P. et al.",Chamelaucium uncinatum--'Cascade Jewel',PLT/229,08/405212,PP09531,4/30/1996,http://www.lib.umd.edu/plantpatents/binaries/09500/pp09531.pdf,http://patft.uspto.gov/netacgi/nph-Parser?patentnumber=PP9531,2,2015-01-29T15:20:06Z,chamelaucium uncinatum,,1996,PP09531 -- Chamelaucium uncinatum--'Cascade Jewel'
532,"Trees, Scott C.",New Guinea Impatiens named BFP-368 Rose,PLT/318.6,08/422691,PP09532,4/30/1996,http://www.lib.umd.edu/plantpatents/binaries/09500/pp09532.pdf,http://patft.uspto.gov/netacgi/nph-Parser?patentnumber=PP9532,1,2015-01-29T15:29:34Z,impatiens,,1996,PP09532 -- New Guinea Impatiens named BFP-368 Rose
533,"Schumann, Ingeborg",Geranium plant named 'Fisrain',PLT/332,08/360347,PP09533,4/30/1996,http://www.lib.umd.edu/plantpatents/binaries/09500/pp09533.pdf,http://patft.uspto.gov/netacgi/nph-Parser?patentnumber=PP9533,2,2015-01-29T15:31:24Z,geranium,,1996,PP09533 -- Geranium plant named 'Fisrain'
534,"Trees, Scott C.",Geranium plant named 'BFP-825 Salmon Rose',PLT/330,08/431722,PP09534,4/30/1996,http://www.lib.umd.edu/plantpatents/binaries/09500/pp09534.pdf,http://patft.uspto.gov/netacgi/nph-Parser?patentnumber=PP9534,1,2015-01-29T15:32:48Z,geranium,,1996,PP09534 -- Geranium plant named 'BFP-825 Salmon Rose'
535,"Trees, Scott C.",Geranium plant named 'BFP-901 Bright Red',PLT/330,08/432271,PP09535,4/30/1996,http://www.lib.umd.edu/plantpatents/binaries/09500/pp09535.pdf,http://patft.uspto.gov/netacgi/nph-Parser?patentnumber=PP9535,1,2015-01-29T15:33:58Z,geranium,,1996,PP09535 -- Geranium plant named 'BFP-901 Bright Red'
536,"Meilland, Alain A.",Shrub rose plant named 'Meichonar',PLT/102,08/492209,PP09536,5/7/1996,http://www.lib.umd.edu/plantpatents/binaries/09500/pp09536.pdf,http://patft.uspto.gov/netacgi/nph-Parser?patentnumber=PP9536,1,2015-01-29T15:35:08Z,rose,,1996,PP09536 -- Shrub rose plant named 'Meichonar'
537,"Meilland, Alain A.",Shrub rose plant named 'Meiriental',PLT/108,08/495314,PP09537,5/7/1996,http://www.lib.umd.edu/plantpatents/binaries/09500/pp09537.pdf,http://patft.uspto.gov/netacgi/nph-Parser?patentnumber=PP9537,1,2015-01-29T15:35:34Z,rose,,1996,PP09537 -- Shrub rose plant named 'Meiriental'
538,"Christensen, Jack E.",Hybrid Tea rose plant 'JAClaf',PLT/130,08/413463,PP09538,5/7/1996,http://www.lib.umd.edu/plantpatents/binaries/09500/pp09538.pdf,http://patft.uspto.gov/netacgi/nph-Parser?patentnumber=PP9538,1,2015-01-29T15:36:06Z,rose,,1996,PP09538 -- Hybrid Tea rose plant 'JAClaf'
539,"Zary, Keith W.",Hybrid Tea rose plant named 'JACnor',PLT/132,08/491142,PP09539,5/7/1996,http://www.lib.umd.edu/plantpatents/binaries/09500/pp09539.pdf,http://patft.uspto.gov/netacgi/nph-Parser?patentnumber=PP9539,1,2015-01-29T15:37:52Z,rose,,1996,PP09539 -- Hybrid Tea rose plant named 'JACnor'
540,"Kester, Peet",Hybrid Tea rose plant named 'Spekes',PLT/139,08/413534,PP09540,5/7/1996,http://www.lib.umd.edu/plantpatents/binaries/09500/pp09540.pdf,http://patft.uspto.gov/netacgi/nph-Parser?patentnumber=PP9540,1,2015-01-29T15:38:24Z,rose,,1996,PP09540 -- Hybrid Tea rose plant named 'Spekes'
541,"Surkijn, Romain",Apple tree 'Romagold',PLT/163,08/307389,PP09541,5/7/1996,http://www.lib.umd.edu/plantpatents/binaries/09500/pp09541.pdf,http://patft.uspto.gov/netacgi/nph-Parser?patentnumber=PP9541,3,2015-01-29T15:39:08Z,apple,,1996,PP09541 -- Apple tree 'Romagold'
542,"Zaiger, Chris F. et al.",Nectarine tree 'Arctic Sweet',PLT/188,08/409062,PP09542,5/7/1996,http://www.lib.umd.edu/plantpatents/binaries/09500/pp09542.pdf,http://patft.uspto.gov/netacgi/nph-Parser?patentnumber=PP9542,1,2015-01-29T15:44:22Z,nectarine,,1996,PP09542 -- Nectarine tree 'Arctic Sweet'
543,"Daniel, 3rd, Theo S.",Ilex vomitoria --'Baby Jewel' Dwarf Yaupon,PLT/247,08/365221,PP09543,5/7/1996,http://www.lib.umd.edu/plantpatents/binaries/09500/pp09543.pdf,http://patft.uspto.gov/netacgi/nph-Parser?patentnumber=PP9543,1,2015-01-29T15:45:18Z,ilex,,1996,PP09543 -- Ilex vomitoria --'Baby Jewel' Dwarf Yaupon
544,"Trees, Scott C.",Geranium plant named 'BFP-838 Dark Red',PLT/330,08/432251,PP09544,5/7/1996,http://www.lib.umd.edu/plantpatents/binaries/09500/pp09544.pdf,http://patft.uspto.gov/netacgi/nph-Parser?patentnumber=PP9544,1,2015-01-29T15:46:32Z,geranium,,1996,PP09544 -- Geranium plant named 'BFP-838 Dark Red'
545,"Frazer, Edwin J.",Dieffenbachia plant named Tropic Rain,PLT/378,08/374913,PP09545,5/7/1996,http://www.lib.umd.edu/plantpatents/binaries/09500/pp09545.pdf,http://patft.uspto.gov/netacgi/nph-Parser?patentnumber=PP9545,1,2015-01-29T15:49:48Z,dieffenbachia,,1996,PP09545 -- Dieffenbachia plant named Tropic Rain
546,"Winchel, Joseph F.",Hybrid tea rose plant named 'Dr. Bob Harvey',PLT/137,08/192658,PP09546,5/14/1996,http://www.lib.umd.edu/plantpatents/binaries/09500/pp09546.pdf,http://patft.uspto.gov/netacgi/nph-Parser?patentnumber=PP9546,1,2015-01-29T15:52:16Z,rose,,1996,PP09546 -- Hybrid tea rose plant named 'Dr. Bob Harvey'
547,"Zary, Keith W.",Hybrid tea rose plant named 'JACalto',PLT/139,08/491144,PP09547,5/14/1996,http://www.lib.umd.edu/plantpatents/binaries/09500/pp09547.pdf,http://patft.uspto.gov/netacgi/nph-Parser?patentnumber=PP9547,1,2015-01-29T15:52:40Z,rose,,1996,PP09547 -- Hybrid tea rose plant named 'JACalto'
548,"Kovacevich, Jr., John J.",'Bev's red' peach tree,PLT/197,08/317041,PP09548,5/14/1996,http://www.lib.umd.edu/plantpatents/binaries/09500/pp09548.pdf,http://patft.uspto.gov/netacgi/nph-Parser?patentnumber=PP9548,1,2015-01-29T15:54:12Z,peach,,1996,PP09548 -- 'Bev's red' peach tree
549,"Zaiger, Chris F. et al.","Peach tree ""Vista""",PLT/197,08/434647,PP09549,5/14/1996,http://www.lib.umd.edu/plantpatents/binaries/09500/pp09549.pdf,http://patft.uspto.gov/netacgi/nph-Parser?patentnumber=PP9549,1,2015-01-29T15:55:02Z,peach,,1996,"PP09549 -- Peach tree ""Vista"""
550,"Matsumoto, Ryoji et al.",Citrus tree 'Amakusa',PLT/201,08/404827,PP09550,5/14/1996,http://www.lib.umd.edu/plantpatents/binaries/09500/pp09550.pdf,http://patft.uspto.gov/netacgi/nph-Parser?patentnumber=PP9550,3,2015-01-29T15:56:46Z,citrus,"Two color, one black&white",1996,PP09550 -- Citrus tree 'Amakusa'
551,"Trees, Scott C.",Geranium plant named 'BFP-788 Bright Scarlet',PLT/330,08/431423,PP09551,5/14/1996,http://www.lib.umd.edu/plantpatents/binaries/09500/pp09551.pdf,http://patft.uspto.gov/netacgi/nph-Parser?patentnumber=PP9551,1,2015-01-29T15:59:06Z,geranium,,1996,PP09551 -- Geranium plant named 'BFP-788 Bright Scarlet'
552,"Trees, Scott C.",Geranium plant named 'Lilac Chiffon',PLT/325,08/431424,PP09552,5/14/1996,http://www.lib.umd.edu/plantpatents/binaries/09500/pp09552.pdf,http://patft.uspto.gov/netacgi/nph-Parser?patentnumber=PP9552,1,2015-01-29T15:59:30Z,geranium,,1996,PP09552 -- Geranium plant named 'Lilac Chiffon'
553,"Rimland, Michael K.",Aglaonema plant named 'Snow Cap',PLT/376,08/406007,PP09553,5/14/1996,http://www.lib.umd.edu/plantpatents/binaries/09500/pp09553.pdf,http://patft.uspto.gov/netacgi/nph-Parser?patentnumber=PP9553,2,2015-01-29T16:00:16Z,aglaonema,,1996,PP09553 -- Aglaonema plant named 'Snow Cap'
554,"Olesen, Pernille et al.",Shrub rose plant named 'Poulnino',PLT/108,08/380103,PP09554,5/21/1996,http://www.lib.umd.edu/plantpatents/binaries/09500/pp09554.pdf,http://patft.uspto.gov/netacgi/nph-Parser?patentnumber=PP9554,1,2015-01-29T16:01:04Z,rose,,1996,PP09554 -- Shrub rose plant named 'Poulnino'
555,"Morrison, William L.",Hibiscus plant named 'Pink Wonder',PLT/257,08/434587,PP09555,5/21/1996,http://www.lib.umd.edu/plantpatents/binaries/09500/pp09555.pdf,http://patft.uspto.gov/netacgi/nph-Parser?patentnumber=PP9555,2,2015-01-29T16:01:32Z,hibiscus,,1996,PP09555 -- Hibiscus plant named 'Pink Wonder'
556,"Tachibana, Ryuichi et al.",Petunia plant named 'Revolution Pinkmini',PLT/356.21,08/369324,PP09556,5/21/1996,http://www.lib.umd.edu/plantpatents/binaries/09500/pp09556.pdf,http://patft.uspto.gov/netacgi/nph-Parser?patentnumber=PP9556,4,2015-01-29T16:02:16Z,petunia,,1996,PP09556 -- Petunia plant named 'Revolution Pinkmini'
557,"Suzuki, Kenichi et al.",Petunia plant 'Suntory SP-R',PLT/356.22,08/415304,PP09557,5/21/1996,http://www.lib.umd.edu/plantpatents/binaries/09500/pp09557.pdf,http://patft.uspto.gov/netacgi/nph-Parser?patentnumber=PP9557,4,2015-01-29T16:03:22Z,petunia,,1996,PP09557 -- Petunia plant 'Suntory SP-R'
558,"VandenBerg, Cornelis P.",Chrysanthemum plant named 'Sophia',PLT/287,08/366476,PP09558,5/21/1996,http://www.lib.umd.edu/plantpatents/binaries/09500/pp09558.pdf,http://patft.uspto.gov/netacgi/nph-Parser?patentnumber=PP9558,3,2015-01-29T16:04:18Z,chrysanthemum,"One color, two black&white",1996,PP09558 -- Chrysanthemum plant named 'Sophia'
559,"Polys, Susan M.",Chrysanthemum plant named 'Yellow Davis',PLT/295,08/331861,PP09559,5/21/1996,http://www.lib.umd.edu/plantpatents/binaries/09500/pp09559.pdf,http://patft.uspto.gov/netacgi/nph-Parser?patentnumber=PP9559,1,2015-01-29T16:05:02Z,chrysanthemum,,1996,PP09559 -- Chrysanthemum plant named 'Yellow Davis'
560,"Trees, Scott C.",Geranium plant named 'BFP-817 Light Salmon',PLT/327,08/432264,PP09560,5/21/1996,http://www.lib.umd.edu/plantpatents/binaries/09500/pp09560.pdf,http://patft.uspto.gov/netacgi/nph-Parser?patentnumber=PP9560,1,2015-01-29T16:05:28Z,geranium,,1996,PP09560 -- Geranium plant named 'BFP-817 Light Salmon'
561,"Poulsen, Jens N.",Elatior Begonia plant named Lea,PLT/348,08/388581,PP09561,5/21/1996,http://www.lib.umd.edu/plantpatents/binaries/09500/pp09561.pdf,http://patft.uspto.gov/netacgi/nph-Parser?patentnumber=PP9561,1,2015-01-29T16:06:10Z,elatior begonia,,1996,PP09561 -- Elatior Begonia plant named Lea
562,"Saville, F. Harmon",Miniature rose plant named 'Savawist',PLT/116,08/364595,PP09562,5/28/1996,http://www.lib.umd.edu/plantpatents/binaries/09500/pp09562.pdf,http://patft.uspto.gov/netacgi/nph-Parser?patentnumber=PP9562,1,2015-02-08T13:05:24Z,rose,,1996,PP09562 -- Miniature rose plant named 'Savawist'
563,"Conklin, Henry C.",Hybrid tea rose plant 'Conmon',PLT/130,08/511880,PP09563,5/28/1996,http://www.lib.umd.edu/plantpatents/binaries/09500/pp09563.pdf,http://patft.uspto.gov/netacgi/nph-Parser?patentnumber=PP9563,1,2015-02-08T13:09:58Z,rose,,1996,PP09563 -- Hybrid tea rose plant 'Conmon'
564,"Meilland, Alain A.",Hybrid tea rose plant named 'Meitoifar',PLT/138,08/526178,PP09564,5/28/1996,http://www.lib.umd.edu/plantpatents/binaries/09500/pp09564.pdf,http://patft.uspto.gov/netacgi/nph-Parser?patentnumber=PP9564,1,2015-02-08T13:52:00Z,rose,,1996,PP09564 -- Hybrid tea rose plant named 'Meitoifar'
565,"Hrebeniuk, Alexander",Poinsettia plant named 'Nutcracker Pink',PLT/306,08/394377,PP09565,5/28/1996,http://www.lib.umd.edu/plantpatents/binaries/09500/pp09565.pdf,http://patft.uspto.gov/netacgi/nph-Parser?patentnumber=PP9565,1,2015-02-08T13:53:08Z,poinsettia,,1996,PP09565 -- Poinsettia plant named 'Nutcracker Pink'
566,"Moore, Ralph S.",Climbing floribunda rose plant named 'MORclip',PLT/149,08/382520,PP09567,6/4/1996,http://www.lib.umd.edu/plantpatents/binaries/09500/pp09567.pdf,http://patft.uspto.gov/netacgi/nph-Parser?patentnumber=PP9567,2,2015-02-08T13:57:32Z,rose,,1996,PP09567 -- Climbing floribunda rose plant named 'MORclip'
567,"Zaiger, Chris F. et al.",Plum tree Murietta,PLT/184,08/457132,PP09568,6/4/1996,http://www.lib.umd.edu/plantpatents/binaries/09500/pp09568.pdf,http://patft.uspto.gov/netacgi/nph-Parser?patentnumber=PP9568,1,2015-02-08T14:01:08Z,plum,,1996,PP09568 -- Plum tree Murietta
568,"Glicenstein, Leon",Chrysanthemum plant named 'Zesty Barbara',PLT/287,08/366475,PP09569,6/4/1996,http://www.lib.umd.edu/plantpatents/binaries/09500/pp09569.pdf,http://patft.uspto.gov/netacgi/nph-Parser?patentnumber=PP9569,1,2015-02-08T14:24:18Z,chrysanthemum,,1996,PP09569 -- Chrysanthemum plant named 'Zesty Barbara'
569,"Hrebeniuk, Alexander",Poinsettia plant named 'Nutcracker White',PLT/304,08/393855,PP09570,6/4/1996,http://www.lib.umd.edu/plantpatents/binaries/09500/pp09570.pdf,http://patft.uspto.gov/netacgi/nph-Parser?patentnumber=PP9570,1,2015-02-08T14:41:54Z,poinsettia,,1996,PP09570 -- Poinsettia plant named 'Nutcracker White'
570,"Endisch, Gerd et al.",Geranium plant named 'Rena',PLT/330,08/384145,PP09571,6/4/1996,http://www.lib.umd.edu/plantpatents/binaries/09500/pp09571.pdf,http://patft.uspto.gov/netacgi/nph-Parser?patentnumber=PP9571,1,2015-02-08T14:42:42Z,geranium,,1996,PP09571 -- Geranium plant named 'Rena'
571,"Endisch, Gerd et al.",Geranium plant 'Tossa',PLT/328,08/384159,PP09572,6/4/1996,http://www.lib.umd.edu/plantpatents/binaries/09500/pp09572.pdf,http://patft.uspto.gov/netacgi/nph-Parser?patentnumber=PP9572,1,2015-02-08T14:56:48Z,geranium,,1996,PP09572 -- Geranium plant 'Tossa'
572,"Noack, Werner",Ground cover rose plant named 'Flower Carpet White',PLT/103,08/508048,PP09573,6/11/1996,http://www.lib.umd.edu/plantpatents/binaries/09500/pp09573.pdf,http://patft.uspto.gov/netacgi/nph-Parser?patentnumber=PP9573,2,2015-03-22T16:12:52Z,rose,,1996,PP09573 -- Ground cover rose plant named 'Flower Carpet White'
573,"Olij, Huibert W.",Hybrid tea rose plant named 'Olijfaon',PLT/132,08/543974,PP09574,6/11/1996,http://www.lib.umd.edu/plantpatents/binaries/09500/pp09574.pdf,http://patft.uspto.gov/netacgi/nph-Parser?patentnumber=PP9574,1,2015-03-22T16:13:32Z,rose,,1996,PP09574 -- Hybrid tea rose plant named 'Olijfaon'
574,"Ruhl, Ernst H.",'Borner' rootstock grape,PLT/205,08/350881,PP09575,6/11/1996,http://www.lib.umd.edu/plantpatents/binaries/09500/pp09575.pdf,http://patft.uspto.gov/netacgi/nph-Parser?patentnumber=PP9575,2,2015-03-22T16:25:16Z,grape,,1996,PP09575 -- 'Borner' rootstock grape
575,"Glenn, Michael M.",Trident maple tree named 'Abtir',PLT/224,08/417157,PP09576,6/11/1996,http://www.lib.umd.edu/plantpatents/binaries/09500/pp09576.pdf,http://patft.uspto.gov/netacgi/nph-Parser?patentnumber=PP9576,2,2015-03-22T16:25:38Z,maple,,1996,PP09576 -- Trident maple tree named 'Abtir'
576,"Eilers, Henry H.",Berberis thunbergii cv. 'Monlers',PLT/241,08/419602,PP09577,6/11/1996,http://www.lib.umd.edu/plantpatents/binaries/09500/pp09577.pdf,http://patft.uspto.gov/netacgi/nph-Parser?patentnumber=PP9577,1,2015-03-22T16:46:28Z,berberis,,1996,PP09577 -- Berberis thunbergii cv. 'Monlers'
577,"Fuess, Janet S.",Chrysanthemum plant named 'Empire Salsa',PLT/286,08/519355,PP09578,6/11/1996,http://www.lib.umd.edu/plantpatents/binaries/09500/pp09578.pdf,http://patft.uspto.gov/netacgi/nph-Parser?patentnumber=PP9578,3,2015-03-22T16:51:00Z,chrysanthemum,"One color, two black&white",1996,PP09578 -- Chrysanthemum plant named 'Empire Salsa'
578,"Endisch, Gerd et al.",Geranium plant named 'Miro',PLT/327,08/384142,PP09579,6/11/1996,http://www.lib.umd.edu/plantpatents/binaries/09500/pp09579.pdf,http://patft.uspto.gov/netacgi/nph-Parser?patentnumber=PP9579,1,2015-03-22T16:51:46Z,geranium,,1996,PP09579 -- Geranium plant named 'Miro'
579,"Trees, Scott C.",Geranium plant named 'BFP-837 Scarlet',PLT/330,08/443666,PP09580,6/11/1996,http://www.lib.umd.edu/plantpatents/binaries/09500/pp09580.pdf,http://patft.uspto.gov/netacgi/nph-Parser?patentnumber=PP9580,1,2015-03-22T16:54:28Z,geranium,,1996,PP09580 -- Geranium plant named 'BFP-837 Scarlet'
580,"Meilland, Alain A.",Hybrid Tea rose plant named 'Meitanet',PLT/134,08/400229,PP09581,6/18/1996,http://www.lib.umd.edu/plantpatents/binaries/09500/pp09581.pdf,http://patft.uspto.gov/netacgi/nph-Parser?patentnumber=PP9581,1,2015-03-22T16:59:04Z,rose,,1996,PP09581 -- Hybrid Tea rose plant named 'Meitanet'
581,"Meilland, Alain M.",Hybrid tea rose plant named 'Meirevolt',PLT/134,08/496161,PP09582,6/18/1996,http://www.lib.umd.edu/plantpatents/binaries/09500/pp09582.pdf,http://patft.uspto.gov/netacgi/nph-Parser?patentnumber=PP9582,1,2015-03-22T17:00:30Z,rose,,1996,PP09582 -- Hybrid tea rose plant named 'Meirevolt'
582,"VandenBerg, Cornelis P.",Chrysanthemum plant named 'Chicago',PLT/286,08/525316,PP09583,6/18/1996,http://www.lib.umd.edu/plantpatents/binaries/09500/pp09583.pdf,http://patft.uspto.gov/netacgi/nph-Parser?patentnumber=PP9583,3,2015-03-22T17:00:54Z,chrysanthemum,"One color, two black&white",1996,PP09583 -- Chrysanthemum plant named 'Chicago'
583,"Fuess, Janet S.",Chrysanthemum named 'Empire Calypso',PLT/287,08/439143,PP09584,6/18/1996,http://www.lib.umd.edu/plantpatents/binaries/09500/pp09584.pdf,http://patft.uspto.gov/netacgi/nph-Parser?patentnumber=PP9584,1,2015-03-22T17:01:36Z,chrysanthemum,,1996,PP09584 -- Chrysanthemum named 'Empire Calypso'
584,"Glicenstein, Leon",Chrysanthemum plant named 'Fiery Barbara',PLT/293,08/366499,PP09585,6/18/1996,http://www.lib.umd.edu/plantpatents/binaries/09500/pp09585.pdf,http://patft.uspto.gov/netacgi/nph-Parser?patentnumber=PP9585,1,2015-03-22T17:02:18Z,chrysanthemum,,1996,PP09585 -- Chrysanthemum plant named 'Fiery Barbara'
585,"Fuess, Janet S.",Chrysanthemum named 'Empire Diablo',PLT/293,08/439140,PP09586,6/18/1996,http://www.lib.umd.edu/plantpatents/binaries/09500/pp09586.pdf,http://patft.uspto.gov/netacgi/nph-Parser?patentnumber=PP9586,1,2015-03-22T17:02:36Z,chrysanthemum,,1996,PP09586 -- Chrysanthemum named 'Empire Diablo'
586,"Guillou, Jacques et al.",Geranium plant named Guiber,PLT/332,08/384529,PP09587,6/18/1996,http://www.lib.umd.edu/plantpatents/binaries/09500/pp09587.pdf,http://patft.uspto.gov/netacgi/nph-Parser?patentnumber=PP9587,1,2015-03-22T17:02:58Z,geranium,,1996,PP09587 -- Geranium plant named Guiber
587,"Endisch, Gerd et al.",Geranium plant named 'vigo',PLT/327,08/399993,PP09588,6/18/1996,http://www.lib.umd.edu/plantpatents/binaries/09500/pp09588.pdf,http://patft.uspto.gov/netacgi/nph-Parser?patentnumber=PP9588,1,2015-03-22T17:03:56Z,geranium,,1996,PP09588 -- Geranium plant named 'vigo'
588,"Trees, Scott C.","Geranium plant named ""BFP-864 Bright Lavender""",PLT/325,08/462777,PP09589,6/18/1996,http://www.lib.umd.edu/plantpatents/binaries/09500/pp09589.pdf,http://patft.uspto.gov/netacgi/nph-Parser?patentnumber=PP9589,1,2015-03-22T17:04:48Z,geranium,,1996,"PP09589 -- Geranium plant named ""BFP-864 Bright Lavender"""
589,"Trees, Scott C.",Geranium plant named 'BFP-873 Bright Red',PLT/330,08/465223,PP09590,6/18/1996,http://www.lib.umd.edu/plantpatents/binaries/09500/pp09590.pdf,http://patft.uspto.gov/netacgi/nph-Parser?patentnumber=PP9590,1,2015-03-22T17:05:20Z,geranium,,1996,PP09590 -- Geranium plant named 'BFP-873 Bright Red'
590,"Strickland, Frank A.",Hybrid tea rose plant named 'Wekamanda',PLT/134,08/540624,PP09591,6/25/1996,http://www.lib.umd.edu/plantpatents/binaries/09500/pp09591.pdf,http://patft.uspto.gov/netacgi/nph-Parser?patentnumber=PP9591,1,2015-03-22T17:20:26Z,rose,,1996,PP09591 -- Hybrid tea rose plant named 'Wekamanda'
591,"Jolly, Marie",Floribunda rose plant named 'Jollmea',PLT/143,08/514621,PP09592,6/25/1996,http://www.lib.umd.edu/plantpatents/binaries/09500/pp09592.pdf,http://patft.uspto.gov/netacgi/nph-Parser?patentnumber=PP9592,1,2015-03-22T17:21:00Z,rose,,1996,PP09592 -- Floribunda rose plant named 'Jollmea'
592,"Zaiger, Chris F. et al.","Apricot tree ""Poppy""",PLT/186,08/460974,PP09593,6/25/1996,http://www.lib.umd.edu/plantpatents/binaries/09500/pp09593.pdf,http://patft.uspto.gov/netacgi/nph-Parser?patentnumber=PP9593,1,2015-03-22T17:21:30Z,apricot,,1996,"PP09593 -- Apricot tree ""Poppy"""
593,"Buhler, John A.",Pretty Lady peach tree,PLT/198,08/377982,PP09594,6/25/1996,http://www.lib.umd.edu/plantpatents/binaries/09500/pp09594.pdf,http://patft.uspto.gov/netacgi/nph-Parser?patentnumber=PP9594,1,2015-03-22T17:22:20Z,peach,,1996,PP09594 -- Pretty Lady peach tree
594,"Glicenstein, Leon",Chrysanthemum plant named 'Albany',PLT/288,08/516638,PP09595,6/25/1996,http://www.lib.umd.edu/plantpatents/binaries/09500/pp09595.pdf,http://patft.uspto.gov/netacgi/nph-Parser?patentnumber=PP9595,3,2015-03-22T17:23:00Z,chrysanthemum,"One color, two black&white",1996,PP09595 -- Chrysanthemum plant named 'Albany'
595,"Trees, Scott C.",Geranium plant named BFP-790 Pink Parfait,PLT/325,08/422693,PP09596,6/25/1996,http://www.lib.umd.edu/plantpatents/binaries/09500/pp09596.pdf,http://patft.uspto.gov/netacgi/nph-Parser?patentnumber=PP9596,1,2015-03-22T17:23:18Z,geranium,,1996,PP09596 -- Geranium plant named BFP-790 Pink Parfait
596,"Skotak, Jr., Chester",Neoregelia plant named 'Ultima',PLT/370,08/422531,PP09597,7/2/1996,http://www.lib.umd.edu/plantpatents/binaries/09500/pp09597.pdf,http://patft.uspto.gov/netacgi/nph-Parser?patentnumber=PP9597,3,2015-03-22T17:24:14Z,neoregelia,,1996,PP09597 -- Neoregelia plant named 'Ultima'
597,"Skotak, Jr., Chester",Neoregelia plant named 'Sheba',PLT/370,08/422532,PP09598,7/2/1996,http://www.lib.umd.edu/plantpatents/binaries/09500/pp09598.pdf,http://patft.uspto.gov/netacgi/nph-Parser?patentnumber=PP9598,3,2015-03-22T17:27:54Z,neoregelia,,1996,PP09598 -- Neoregelia plant named 'Sheba'
598,"Skotak, Jr., Chester",Neoregelia plant named 'Morado',PLT/370,08/422583,PP09599,7/2/1996,http://www.lib.umd.edu/plantpatents/binaries/09500/pp09599.pdf,http://patft.uspto.gov/netacgi/nph-Parser?patentnumber=PP9599,3,2015-03-22T17:28:20Z,neoregelia,,1996,PP09599 -- Neoregelia plant named 'Morado'
599,"Weatherly, Lilia M.",Floribunda rose plant named 'Proberg',PLT/143,08/511956,PP09600,7/9/1996,http://www.lib.umd.edu/plantpatents/binaries/09600/pp09600.pdf,http://patft.uspto.gov/netacgi/nph-Parser?patentnumber=PP9600,1,2015-04-16T17:24:26Z,rose,,1996,PP09600 -- Floribunda rose plant named 'Proberg'
600,"Ott, Cleveland",'Red and White' Poinsettia,PLT/303,08/368272,PP09601,7/9/1996,http://www.lib.umd.edu/plantpatents/binaries/09600/pp09601.pdf,http://patft.uspto.gov/netacgi/nph-Parser?patentnumber=PP9601,1,2015-04-16T18:08:00Z,poinsettia,,1996,PP09601 -- 'Red and White' Poinsettia
601,"Fruehwirth, Franz",Poinsettia plant '3-91',PLT/303,08/452278,PP09602,7/9/1996,http://www.lib.umd.edu/plantpatents/binaries/09600/pp09602.pdf,http://patft.uspto.gov/netacgi/nph-Parser?patentnumber=PP9602,1,2015-04-16T18:26:28Z,poinsettia,,1996,PP09602 -- Poinsettia plant '3-91'
602,"Leue, Ellen F.",Impatiens plant named 'Sparkler Rose',PLT/317,08/445380,PP09603,7/9/1996,http://www.lib.umd.edu/plantpatents/binaries/09600/pp09603.pdf,http://patft.uspto.gov/netacgi/nph-Parser?patentnumber=PP9603,1,2015-04-19T10:32:14Z,impatiens,,1996,PP09603 -- Impatiens plant named 'Sparkler Rose'
603,"Skotak, Jr., Chester",Neoregelia plant named 'Nonis',PLT/370,08/422534,PP09604,7/9/1996,http://www.lib.umd.edu/plantpatents/binaries/09600/pp09604.pdf,http://patft.uspto.gov/netacgi/nph-Parser?patentnumber=PP9604,3,2015-04-19T10:33:06Z,neoregelia,,1996,PP09604 -- Neoregelia plant named 'Nonis'
604,"Leue, Ellen F.",Impatiens plant named 'Burgundy Rose',PLT/317,08/445375,PP09605,7/16/1996,http://www.lib.umd.edu/plantpatents/binaries/09600/pp09605.pdf,http://patft.uspto.gov/netacgi/nph-Parser?patentnumber=PP9605,1,2015-04-19T10:33:42Z,impatiens,,1996,PP09605 -- Impatiens plant named 'Burgundy Rose'
605,"Leue, Ellen F.",Impatiens plant named 'Salsa Red',PLT/317,08/446556,PP09606,7/16/1996,http://www.lib.umd.edu/plantpatents/binaries/09600/pp09606.pdf,http://patft.uspto.gov/netacgi/nph-Parser?patentnumber=PP9606,1,2015-04-19T10:34:04Z,impatiens,,1996,PP09606 -- Impatiens plant named 'Salsa Red'
606,"Christensen, Jack E.",Hybrid rose plant named 'Chrisnusp',PLT/132,08/311541,PP09607,7/23/1996,http://www.lib.umd.edu/plantpatents/binaries/09600/pp09607.pdf,http://patft.uspto.gov/netacgi/nph-Parser?patentnumber=PP9607,1,2015-04-19T10:34:32Z,rose,,1996,PP09607 -- Hybrid rose plant named 'Chrisnusp'
607,"Meilland, Alain A.",Hybrid Tea rose plant named 'Meiromar',PLT/134,08/496159,PP09608,7/23/1996,http://www.lib.umd.edu/plantpatents/binaries/09600/pp09608.pdf,http://patft.uspto.gov/netacgi/nph-Parser?patentnumber=PP9608,1,2015-04-19T10:35:08Z,rose,,1996,PP09608 -- Hybrid Tea rose plant named 'Meiromar'
608,"Meilland, Alain A.",Hybrid tea rose plant named 'Meibrinpay',PLT/135,08/491716,PP09609,7/23/1996,http://www.lib.umd.edu/plantpatents/binaries/09600/pp09609.pdf,http://patft.uspto.gov/netacgi/nph-Parser?patentnumber=PP9609,1,2015-04-19T10:35:30Z,rose,,1996,PP09609 -- Hybrid tea rose plant named 'Meibrinpay'
609,"Leue, Ellen F.",Impatiens plant named 'Tropical Orange',PLT/317,08/445372,PP09610,7/23/1996,http://www.lib.umd.edu/plantpatents/binaries/09600/pp09610.pdf,http://patft.uspto.gov/netacgi/nph-Parser?patentnumber=PP9610,1,2015-04-19T10:35:58Z,impatiens,,1996,PP09610 -- Impatiens plant named 'Tropical Orange'
610,"Meier, Virgil D.",'Ba 69-82 ' Kentucky Bluegrass,PLT/393,08/453864,PP09611,7/23/1996,http://www.lib.umd.edu/plantpatents/binaries/09600/pp09611.pdf,http://patft.uspto.gov/netacgi/nph-Parser?patentnumber=PP9611,1,2015-04-19T10:36:18Z,kentucky bluegrass,,1996,PP09611 -- 'Ba 69-82 ' Kentucky Bluegrass
611,"Leue, Ellen F.",Impatiens plant named 'Sparkler Salmon',PLT/317,08/445379,PP09618,8/6/1996,http://www.lib.umd.edu/plantpatents/binaries/09600/pp09618.pdf,http://patft.uspto.gov/netacgi/nph-Parser?patentnumber=PP9618,1,2015-04-19T10:47:16Z,impatiens,,1996,PP09618 -- Impatiens plant named 'Sparkler Salmon'
612,"Endisch, Gerd et al.",Geranium plant named 'Neila',PLT/328,08/384143,PP09619,8/6/1996,http://www.lib.umd.edu/plantpatents/binaries/09600/pp09619.pdf,http://patft.uspto.gov/netacgi/nph-Parser?patentnumber=PP9619,1,2015-04-19T10:47:46Z,geranium,,1996,PP09619 -- Geranium plant named 'Neila'
613,"Guillou, Jacques et al.",Geranium plant named 'Guivin',PLT/332,08/384523,PP09620,8/6/1996,http://www.lib.umd.edu/plantpatents/binaries/09600/pp09620.pdf,http://patft.uspto.gov/netacgi/nph-Parser?patentnumber=PP9620,1,2015-04-19T10:48:08Z,geranium,,1996,PP09620 -- Geranium plant named 'Guivin'
614,"Lamb, Ann E.",Calathea plant named Eclipse,PLT/375,08/434367,PP09621,8/6/1996,http://www.lib.umd.edu/plantpatents/binaries/09600/pp09621.pdf,http://patft.uspto.gov/netacgi/nph-Parser?patentnumber=PP9621,1,2015-04-19T10:48:44Z,calathea,,1996,PP09621 -- Calathea plant named Eclipse
615,"Gruppe, Werner et al.",Cherry rootstock GI 148/2,PLT/183,08/485402,PP09622,8/13/1996,http://www.lib.umd.edu/plantpatents/binaries/09600/pp09622.pdf,http://patft.uspto.gov/netacgi/nph-Parser?patentnumber=PP9622,2,2015-04-19T10:49:18Z,cherry,,1996,PP09622 -- Cherry rootstock GI 148/2
616,"Gruppe, Werner et al.",Cherry rootstock GI 148/9,PLT/183,08/485403,PP09623,8/13/1996,http://www.lib.umd.edu/plantpatents/binaries/09600/pp09623.pdf,http://patft.uspto.gov/netacgi/nph-Parser?patentnumber=PP9623,2,2015-04-19T10:49:50Z,cherry,,1996,PP09623 -- Cherry rootstock GI 148/9
617,"Goemans, Frank",Alstroemeria plant named 'Little Eleanor',PLT/309,08/434389,PP09624,8/13/1996,http://www.lib.umd.edu/plantpatents/binaries/09600/pp09624.pdf,http://patft.uspto.gov/netacgi/nph-Parser?patentnumber=PP9624,1,2015-04-19T10:50:28Z,alstroemeria,,1996,PP09624 -- Alstroemeria plant named 'Little Eleanor'
618,"Van Der Voort, Cees A.",Lily plant named 'Nippon',PLT/315,D/440661,PP09625,8/13/1996,http://www.lib.umd.edu/plantpatents/binaries/09600/pp09625.pdf,http://patft.uspto.gov/netacgi/nph-Parser?patentnumber=PP9625,1,2015-04-19T10:50:52Z,lily,,1996,PP09625 -- Lily plant named 'Nippon'
619,"Egger, Donald L.",Longiflorum.times.Asiatic hybrid lily plant 'Ceb Dazzle',PLT/313,08/447934,PP09626,8/13/1996,http://www.lib.umd.edu/plantpatents/binaries/09600/pp09626.pdf,http://patft.uspto.gov/netacgi/nph-Parser?patentnumber=PP9626,1,2015-04-19T10:51:08Z,lily,,1996,PP09626 -- Longiflorum.times.Asiatic hybrid lily plant 'Ceb Dazzle'
620,"Devroe, Luc J.",Neoregelia carolinae plant named 'Gruvroe',PLT/370,08/374298,PP09627,8/13/1996,http://www.lib.umd.edu/plantpatents/binaries/09600/pp09627.pdf,http://patft.uspto.gov/netacgi/nph-Parser?patentnumber=PP9627,1,2015-04-19T10:51:30Z,neoregelia,,1996,PP09627 -- Neoregelia carolinae plant named 'Gruvroe'
621,"Pouw, Antonius A.",Miniature rose plant named 'Ruidodo',PLT/122,08/549952,PP09633,8/27/1996,http://www.lib.umd.edu/plantpatents/binaries/09600/pp09633.pdf,http://patft.uspto.gov/netacgi/nph-Parser?patentnumber=PP9633,2,2015-04-19T10:53:04Z,rose,,1996,PP09633 -- Miniature rose plant named 'Ruidodo'
622,"Pouw, Antonius A.",Miniature rose plant named 'Ruikalla',PLT/122,08/549953,PP09634,8/27/1996,http://www.lib.umd.edu/plantpatents/binaries/09600/pp09634.pdf,http://patft.uspto.gov/netacgi/nph-Parser?patentnumber=PP9634,2,2015-04-19T10:53:58Z,rose,,1996,PP09634 -- Miniature rose plant named 'Ruikalla'
623,"Pouw, Antonius A.",Miniature rose plant named 'Ruijef',PLT/122,08/550189,PP09635,8/27/1996,http://www.lib.umd.edu/plantpatents/binaries/09600/pp09635.pdf,http://patft.uspto.gov/netacgi/nph-Parser?patentnumber=PP9635,2,2015-04-19T10:55:00Z,rose,,1996,PP09635 -- Miniature rose plant named 'Ruijef'
624,"Meilland, Alain A.",Hybrid tea rose plant named Meibolnay,PLT/139,08/492450,PP09636,8/27/1996,http://www.lib.umd.edu/plantpatents/binaries/09600/pp09636.pdf,http://patft.uspto.gov/netacgi/nph-Parser?patentnumber=PP9636,1,2015-04-19T10:55:44Z,rose,,1996,PP09636 -- Hybrid tea rose plant named Meibolnay
625,"Olesen, Pernille et al.",Shrub rose plant named 'Poulurt',PLT/104,08/380102,PP09637,9/3/1996,http://www.lib.umd.edu/plantpatents/binaries/09600/pp09637.pdf,http://patft.uspto.gov/netacgi/nph-Parser?patentnumber=PP9637,1,2015-04-19T10:56:32Z,rose,,1996,PP09637 -- Shrub rose plant named 'Poulurt'
626,"Watson, deceased, John P. et al.",Plum cultivar 'Castleton',PLT/184,08/148085,PP09638,9/3/1996,http://www.lib.umd.edu/plantpatents/binaries/09600/pp09638.pdf,http://patft.uspto.gov/netacgi/nph-Parser?patentnumber=PP9638,2,2015-04-19T10:57:04Z,plum,,1996,PP09638 -- Plum cultivar 'Castleton'
627,"Bergman, Willis A.",Juniperus Horizonalis cv. Monber,PLT/214,08/497067,PP09639,9/3/1996,http://www.lib.umd.edu/plantpatents/binaries/09600/pp09639.pdf,http://patft.uspto.gov/netacgi/nph-Parser?patentnumber=PP9639,1,2015-04-19T10:57:38Z,juniper,,1996,PP09639 -- Juniperus Horizonalis cv. Monber
628,"Eubanks, Mary W.",Corn plant named 'Sun Star',PLT/386,08/455327,PP09640,9/3/1996,http://www.lib.umd.edu/plantpatents/binaries/09600/pp09640.pdf,http://patft.uspto.gov/netacgi/nph-Parser?patentnumber=PP9640,6,2015-04-19T10:58:26Z,corn,,1996,PP09640 -- Corn plant named 'Sun Star'
629,"Olesen, Pernille et al.",Shrub rose plant named 'Poulfan',PLT/107,08/414533,PP09641,9/10/1996,http://www.lib.umd.edu/plantpatents/binaries/09600/pp09641.pdf,http://patft.uspto.gov/netacgi/nph-Parser?patentnumber=PP9641,1,2015-04-19T11:12:02Z,rose,,1996,PP09641 -- Shrub rose plant named 'Poulfan'
630,"Dehan, Klara",Aster plant named 'Sunbird',PLT/355,08/471562,PP09642,9/10/1996,http://www.lib.umd.edu/plantpatents/binaries/09600/pp09642.pdf,http://patft.uspto.gov/netacgi/nph-Parser?patentnumber=PP9642,1,2015-04-19T11:12:58Z,aster,,1996,PP09642 -- Aster plant named 'Sunbird'
631,"Escande, Jean L.",Nectarine tree 'Crystal Belle',PLT/188,08/510262,PP09643,9/17/1996,http://www.lib.umd.edu/plantpatents/binaries/09600/pp09643.pdf,http://patft.uspto.gov/netacgi/nph-Parser?patentnumber=PP9643,1,2015-04-19T11:13:48Z,nectarine,,1996,PP09643 -- Nectarine tree 'Crystal Belle'
632,"Pieper, Wilhelm K. H.",Aechmea fascini Variegated Friederike',PLT/370,08/393226,PP09644,9/17/1996,http://www.lib.umd.edu/plantpatents/binaries/09600/pp09644.pdf,http://patft.uspto.gov/netacgi/nph-Parser?patentnumber=PP9644,4,2015-04-19T11:14:28Z,aechmea fascini,,1996,PP09644 -- Aechmea fascini Variegated Friederike'
633,"Van Leuven, Myles",Apple tree named 'Myra',PLT/168,08/514457,PP09645,9/24/1996,http://www.lib.umd.edu/plantpatents/binaries/09600/pp09645.pdf,http://patft.uspto.gov/netacgi/nph-Parser?patentnumber=PP9645,5,2015-04-19T11:15:32Z,apple,,1996,PP09645 -- Apple tree named 'Myra'
634,"Ackerman, Stephen M.",Raspberry (Rubus) variety named 'Psi-1014',PLT/204,08/498403,PP09646,9/24/1996,http://www.lib.umd.edu/plantpatents/binaries/09600/pp09646.pdf,http://patft.uspto.gov/netacgi/nph-Parser?patentnumber=PP9646,5,2015-04-19T11:17:28Z,raspberry,"Four color, one black&white",1996,PP09646 -- Raspberry (Rubus) variety named 'Psi-1014'
635,"Williams, J. Benjamin",Shrub rose plant named 'Wildawn',PLT/107,08/408543,PP09647,10/1/1996,http://www.lib.umd.edu/plantpatents/binaries/09600/pp09647.pdf,http://patft.uspto.gov/netacgi/nph-Parser?patentnumber=PP9647,1,2015-04-19T11:18:40Z,rose,,1996,PP09647 -- Shrub rose plant named 'Wildawn'
636,"Williams, J. Benjamin",Shrub rose plant named 'Wilvory',PLT/103,08/408544,PP09648,10/1/1996,http://www.lib.umd.edu/plantpatents/binaries/09600/pp09648.pdf,http://patft.uspto.gov/netacgi/nph-Parser?patentnumber=PP9648,1,2015-04-19T11:19:50Z,rose,,1996,PP09648 -- Shrub rose plant named 'Wilvory'
637,"Williams, J. Benjamin",Shrub rose plant named 'Wilscar',PLT/108,08/408545,PP09649,10/1/1996,http://www.lib.umd.edu/plantpatents/binaries/09600/pp09649.pdf,http://patft.uspto.gov/netacgi/nph-Parser?patentnumber=PP9649,1,2015-04-19T11:20:20Z,rose,,1996,PP09649 -- Shrub rose plant named 'Wilscar'
638,"Olesen, Pernille et al.",Shrub rose plant named 'Poulemb',PLT/103,08/414537,PP09650,10/1/1996,http://www.lib.umd.edu/plantpatents/binaries/09600/pp09650.pdf,http://patft.uspto.gov/netacgi/nph-Parser?patentnumber=PP9650,1,2015-04-19T11:21:08Z,rose,,1996,PP09650 -- Shrub rose plant named 'Poulemb'
639,"Pouw, Antoniu A.",Miniature rose plant named 'Ruipatcru',PLT/121,08/550190,PP09651,10/1/1996,http://www.lib.umd.edu/plantpatents/binaries/09600/pp09651.pdf,http://patft.uspto.gov/netacgi/nph-Parser?patentnumber=PP9651,1,2015-04-19T11:21:30Z,rose,,1996,PP09651 -- Miniature rose plant named 'Ruipatcru'
640,"Meilland, Alain A.",Miniature rose plant named 'Meiferjac',PLT/122,08/555733,PP09652,10/8/1996,http://www.lib.umd.edu/plantpatents/binaries/09600/pp09652.pdf,http://patft.uspto.gov/netacgi/nph-Parser?patentnumber=PP9652,1,2015-04-19T11:22:32Z,rose,,1996,PP09652 -- Miniature rose plant named 'Meiferjac'
641,"Wilhelm, Stephen et al.",Raspberry plant cv. 'Wilhelm',PLT/204,08/428644,PP09653,10/8/1996,http://www.lib.umd.edu/plantpatents/binaries/09600/pp09653.pdf,http://patft.uspto.gov/netacgi/nph-Parser?patentnumber=PP9653,3,2015-04-19T11:23:52Z,raspberry,"Two color, one black&white",1996,PP09653 -- Raspberry plant cv. 'Wilhelm'
642,"Wilcox, Jr., Harry D.",Azalea cv. Baby Buds,PLT/240,08/512461,PP09654,10/8/1996,http://www.lib.umd.edu/plantpatents/binaries/09600/pp09654.pdf,http://patft.uspto.gov/netacgi/nph-Parser?patentnumber=PP9654,2,2015-04-19T11:25:16Z,azalea cv. baby buds,,1996,PP09654 -- Azalea cv. Baby Buds
643,"Dehan, Klara",Aster plant named 'Sunrio',PLT/355,08/471561,PP09655,10/8/1996,http://www.lib.umd.edu/plantpatents/binaries/09600/pp09655.pdf,http://patft.uspto.gov/netacgi/nph-Parser?patentnumber=PP9655,1,2015-04-19T11:26:18Z,aster,,1996,PP09655 -- Aster plant named 'Sunrio'
644,"Moore, Ralph S.",Miniature rose plant named 'MOR Brown',PLT/119,08/375542,PP09656,10/15/1996,http://www.lib.umd.edu/plantpatents/binaries/09600/pp09656.pdf,http://patft.uspto.gov/netacgi/nph-Parser?patentnumber=PP9656,1,2015-04-19T11:27:32Z,rose,,1996,PP09656 -- Miniature rose plant named 'MOR Brown'
645,"Zary, Keith W.",Floribunda rose plant named 'JACjubel',PLT/145,08/491143,PP09657,10/15/1996,http://www.lib.umd.edu/plantpatents/binaries/09600/pp09657.pdf,http://patft.uspto.gov/netacgi/nph-Parser?patentnumber=PP9657,1,2015-04-19T11:29:34Z,rose,,1996,PP09657 -- Floribunda rose plant named 'JACjubel'
646,"Nies, Marvin L.",Cherry tree 'Large Red',PLT/181,08/512696,PP09658,10/15/1996,http://www.lib.umd.edu/plantpatents/binaries/09600/pp09658.pdf,http://patft.uspto.gov/netacgi/nph-Parser?patentnumber=PP9658,1,2015-04-19T11:29:50Z,cherry,,1996,PP09658 -- Cherry tree 'Large Red'
647,"Nies, Marvin L.",Cherry tree 'Giant Red',PLT/181,08/515923,PP09659,10/15/1996,http://www.lib.umd.edu/plantpatents/binaries/09600/pp09659.pdf,http://patft.uspto.gov/netacgi/nph-Parser?patentnumber=PP9659,1,2015-04-19T11:30:26Z,cherry,,1996,PP09659 -- Cherry tree 'Giant Red'
648,"Bautista, Rodolfo V.",Helichrysum plant named Harvest Sun,PLT/359,08/514458,PP09660,10/15/1996,http://www.lib.umd.edu/plantpatents/binaries/09600/pp09660.pdf,http://patft.uspto.gov/netacgi/nph-Parser?patentnumber=PP9660,1,2015-04-19T11:31:34Z,helichrysum,,1996,PP09660 -- Helichrysum plant named Harvest Sun
649,"Bautista, Rodolfo V.",Helichrysum plant named Harvest Pink Picotee,PLT/359,08/514461,PP09661,10/15/1996,http://www.lib.umd.edu/plantpatents/binaries/09600/pp09661.pdf,http://patft.uspto.gov/netacgi/nph-Parser?patentnumber=PP9661,1,2015-04-19T11:46:24Z,helichrysum,,1996,PP09661 -- Helichrysum plant named Harvest Pink Picotee
650,"Slocum, Perry D.",Water lily plant name: 'Black Princess',PLT/342,08/607155,PP09662,10/15/1996,http://www.lib.umd.edu/plantpatents/binaries/09600/pp09662.pdf,http://patft.uspto.gov/netacgi/nph-Parser?patentnumber=PP9662,5,2015-04-19T11:46:58Z,lily,,1996,PP09662 -- Water lily plant name: 'Black Princess'
651,"Klinger, Jr., Paul E.",Syngonium 'Beth',PLT/374,08/391371,PP09663,10/15/1996,http://www.lib.umd.edu/plantpatents/binaries/09600/pp09663.pdf,http://patft.uspto.gov/netacgi/nph-Parser?patentnumber=PP9663,2,2015-04-19T11:50:10Z,syngonium,,1996,PP09663 -- Syngonium 'Beth'
652,"Olesen, Pernille et al.",Shrub rose plant named 'Poulans',PLT/108,08/414531,PP09664,10/22/1996,http://www.lib.umd.edu/plantpatents/binaries/09600/pp09664.pdf,http://patft.uspto.gov/netacgi/nph-Parser?patentnumber=PP9664,1,2015-04-19T11:51:26Z,rose,,1996,PP09664 -- Shrub rose plant named 'Poulans'
653,"Olesen, Pernille et al.",Shrub rose plant named 'Poulpyg',PLT/102,08/414905,PP09665,10/22/1996,http://www.lib.umd.edu/plantpatents/binaries/09600/pp09665.pdf,http://patft.uspto.gov/netacgi/nph-Parser?patentnumber=PP9665,1,2015-04-19T12:08:26Z,rose,,1996,PP09665 -- Shrub rose plant named 'Poulpyg'
654,"Bautista, Rodolfo V.",Helichrysum plant named 'Harvest Peach',PLT/359,08/514459,PP09666,10/22/1996,http://www.lib.umd.edu/plantpatents/binaries/09600/pp09666.pdf,http://patft.uspto.gov/netacgi/nph-Parser?patentnumber=PP9666,1,2015-04-19T12:08:48Z,helichrysum,,1996,PP09666 -- Helichrysum plant named 'Harvest Peach'
655,"Bautista, Rodolfo V.",Helichrysum plant named Harvest Lemon,PLT/359,08/514462,PP09667,10/22/1996,http://www.lib.umd.edu/plantpatents/binaries/09600/pp09667.pdf,http://patft.uspto.gov/netacgi/nph-Parser?patentnumber=PP9667,1,2015-04-19T12:09:18Z,helichrysum,,1996,PP09667 -- Helichrysum plant named Harvest Lemon
656,"Dehan, Klara",Impatiens plant named 'Micky Gini',PLT/318.4,08/299618,PP09668,10/22/1996,http://www.lib.umd.edu/plantpatents/binaries/09600/pp09668.pdf,http://patft.uspto.gov/netacgi/nph-Parser?patentnumber=PP9668,1,2015-04-19T12:10:14Z,impatiens,,1996,PP09668 -- Impatiens plant named 'Micky Gini'
657,"Van Rijn, Magdalena J. M.",Anthurium plant named 'Nathalie',PLT/367,08/510415,PP09669,10/22/1996,http://www.lib.umd.edu/plantpatents/binaries/09600/pp09669.pdf,http://patft.uspto.gov/netacgi/nph-Parser?patentnumber=PP9669,3,2015-04-19T12:10:46Z,anthurium,,1996,PP09669 -- Anthurium plant named 'Nathalie'
658,"Hill, Jr., Herbert H.",Guzmania plant named 487-1,PLT/371,08/490973,PP09670,10/22/1996,http://www.lib.umd.edu/plantpatents/binaries/09600/pp09670.pdf,http://patft.uspto.gov/netacgi/nph-Parser?patentnumber=PP9670,2,2015-04-19T12:11:36Z,guzmania,,1996,PP09670 -- Guzmania plant named 487-1
659,"Holmes, James M.",St. Augustinegrass named 'W-1',PLT/392,08/393440,PP09671,10/22/1996,http://www.lib.umd.edu/plantpatents/binaries/09600/pp09671.pdf,http://patft.uspto.gov/netacgi/nph-Parser?patentnumber=PP9671,3,2015-04-19T12:12:16Z,st. augustine grass,,1996,PP09671 -- St. Augustinegrass named 'W-1'
660,"Olij, Huibert W.",Hybrid Tea rose plant named 'Olijkroft',PLT/130,08/544392,PP09672,10/29/1996,http://www.lib.umd.edu/plantpatents/binaries/09600/pp09672.pdf,http://patft.uspto.gov/netacgi/nph-Parser?patentnumber=PP9672,1,2015-04-19T13:26:40Z,rose,,1996,PP09672 -- Hybrid Tea rose plant named 'Olijkroft'
661,"Zaiger, Chris F. et al.",Peach tree 'Zee Diamond',PLT/197,08/499409,PP09673,10/29/1996,http://www.lib.umd.edu/plantpatents/binaries/09600/pp09673.pdf,http://patft.uspto.gov/netacgi/nph-Parser?patentnumber=PP9673,1,2015-04-19T13:27:10Z,peach,,1996,PP09673 -- Peach tree 'Zee Diamond'
662,"Drewlow, Lyndon W.",Kalanchoe plant named Chivalry,PLT/339,08/490013,PP09674,10/29/1996,http://www.lib.umd.edu/plantpatents/binaries/09600/pp09674.pdf,http://patft.uspto.gov/netacgi/nph-Parser?patentnumber=PP9674,1,2015-04-19T13:48:22Z,kalanchoe,,1996,PP09674 -- Kalanchoe plant named Chivalry
663,"Drewlow, Lyndon W.",Kalanchoe plant named Merit,PLT/340,08/490840,PP09675,10/29/1996,http://www.lib.umd.edu/plantpatents/binaries/09600/pp09675.pdf,http://patft.uspto.gov/netacgi/nph-Parser?patentnumber=PP9675,1,2015-04-19T13:48:50Z,kalanchoe,,1996,PP09675 -- Kalanchoe plant named Merit
664,"Slocum, Perry D.","Water lily, plant name: 'Peaches and Cream'",PLT/342,08/605555,PP09676,10/29/1996,http://www.lib.umd.edu/plantpatents/binaries/09600/pp09676.pdf,http://patft.uspto.gov/netacgi/nph-Parser?patentnumber=PP9676,5,2015-04-19T13:54:24Z,lily,,1996,"PP09676 -- ""Water lily --  plant name: 'Peaches and Cream'"""
665,"Osiecki, Marian W.",Spathiphyllum plant 'S8',PLT/364,08/525433,PP09677,10/29/1996,http://www.lib.umd.edu/plantpatents/binaries/09600/pp09677.pdf,http://patft.uspto.gov/netacgi/nph-Parser?patentnumber=PP9677,2,2015-04-19T14:17:12Z,spathiphyllum,,1996,PP09677 -- Spathiphyllum plant 'S8'
666,"Hill, Jr., Herbert H.",Vriesea plant named Werner Rauh,PLT/370,08/490812,PP09678,10/29/1996,http://www.lib.umd.edu/plantpatents/binaries/09600/pp09678.pdf,http://patft.uspto.gov/netacgi/nph-Parser?patentnumber=PP9678,1,2015-04-19T14:18:32Z,vriesea,,1996,PP09678 -- Vriesea plant named Werner Rauh
667,"Knaap, Wim V. D.",Ficus plant named Curly,PLT/211,08/496292,PP09679,10/29/1996,http://www.lib.umd.edu/plantpatents/binaries/09600/pp09679.pdf,http://patft.uspto.gov/netacgi/nph-Parser?patentnumber=PP9679,2,2015-04-19T14:19:36Z,ficus,,1996,PP09679 -- Ficus plant named Curly
668,"Olesen, Pernille et al.",Shrub rose plant named 'Pouldava',PLT/107,08/414532,PP09680,11/5/1996,http://www.lib.umd.edu/plantpatents/binaries/09600/pp09680.pdf,http://patft.uspto.gov/netacgi/nph-Parser?patentnumber=PP9680,1,2015-04-19T14:39:36Z,rose,,1996,PP09680 -- Shrub rose plant named 'Pouldava'
669,"Olsen, Richard R. et al.",Apple tree 'olsentwo Gala',PLT/162,08/377288,PP09681,11/5/1996,http://www.lib.umd.edu/plantpatents/binaries/09600/pp09681.pdf,http://patft.uspto.gov/netacgi/nph-Parser?patentnumber=PP9681,6,2015-04-19T15:02:22Z,apple,,1996,PP09681 -- Apple tree 'olsentwo Gala'
670,"Bloom, Alan H. V.",Persicaria plant named Taurus,PLT/464,08/499253,PP09682,11/5/1996,http://www.lib.umd.edu/plantpatents/binaries/09600/pp09682.pdf,http://patft.uspto.gov/netacgi/nph-Parser?patentnumber=PP9682,2,2015-04-19T15:04:28Z,persicaria,,1996,PP09682 -- Persicaria plant named Taurus
671,"VandenBerg, Cornelis P.",Chrysanthemum plant named 'Pink Miami',PLT/286,08/547397,PP09683,11/5/1996,http://www.lib.umd.edu/plantpatents/binaries/09600/pp09683.pdf,http://patft.uspto.gov/netacgi/nph-Parser?patentnumber=PP9683,1,2015-04-19T15:05:12Z,chrysanthemum,,1996,PP09683 -- Chrysanthemum plant named 'Pink Miami'
672,"VandenBerg, Cornelis P.",Chrysanthemum plant named 'White Miami',PLT/294,08/547219,PP09684,11/5/1996,http://www.lib.umd.edu/plantpatents/binaries/09600/pp09684.pdf,http://patft.uspto.gov/netacgi/nph-Parser?patentnumber=PP9684,1,2015-04-19T15:05:58Z,chrysanthemum,,1996,PP09684 -- Chrysanthemum plant named 'White Miami'
673,"Bevelander, Marinus J.",Poinsettia plant named 'Marblestar',PLT/303,08/436630,PP09685,11/5/1996,http://www.lib.umd.edu/plantpatents/binaries/09600/pp09685.pdf,http://patft.uspto.gov/netacgi/nph-Parser?patentnumber=PP9685,1,2015-04-19T15:06:40Z,poinsettia,,1996,PP09685 -- Poinsettia plant named 'Marblestar'
674,"Vletter, Marinus",Anthurium plant named 'Lipstick',PLT/368,08/509896,PP09686,11/5/1996,http://www.lib.umd.edu/plantpatents/binaries/09600/pp09686.pdf,http://patft.uspto.gov/netacgi/nph-Parser?patentnumber=PP9686,2,2015-04-19T15:07:20Z,anthurium,,1996,PP09686 -- Anthurium plant named 'Lipstick'
675,"Olesen, Mogens N. et al.",Miniature rose plant named 'poulrouge',PLT/122,08/588053,PP09687,11/12/1996,http://www.lib.umd.edu/plantpatents/binaries/09600/pp09687.pdf,http://patft.uspto.gov/netacgi/nph-Parser?patentnumber=PP9687,1,2015-04-19T15:10:28Z,rose,,1996,PP09687 -- Miniature rose plant named 'poulrouge'
676,"Olesen, Mogens N. et al.",Floribunda rose plant named 'Poulrek',PLT/148,08/588820,PP09688,11/12/1996,http://www.lib.umd.edu/plantpatents/binaries/09600/pp09688.pdf,http://patft.uspto.gov/netacgi/nph-Parser?patentnumber=PP9688,1,2015-04-19T15:10:58Z,rose,,1996,PP09688 -- Floribunda rose plant named 'Poulrek'
677,"Ilsink, G. P.",Floribunda rose plant variety named 'Interpur',PLT/149,08/597901,PP09689,11/12/1996,http://www.lib.umd.edu/plantpatents/binaries/09600/pp09689.pdf,http://patft.uspto.gov/netacgi/nph-Parser?patentnumber=PP9689,1,2015-04-19T15:13:20Z,rose,,1996,PP09689 -- Floribunda rose plant variety named 'Interpur'
678,"VandenBerg, Cornelis P.",Chrysanthemum plant named 'Madera',PLT/290,08/547325,PP09690,11/12/1996,http://www.lib.umd.edu/plantpatents/binaries/09600/pp09690.pdf,http://patft.uspto.gov/netacgi/nph-Parser?patentnumber=PP9690,3,2015-04-19T15:14:16Z,chrysanthemum,"One color, two black&white",1996,PP09690 -- Chrysanthemum plant named 'Madera'
679,"Leue, Ellen F.",Impatiens plant named 'Salmon Sunrise',PLT/317,08/445373,PP09691,11/12/1996,http://www.lib.umd.edu/plantpatents/binaries/09600/pp09691.pdf,http://patft.uspto.gov/netacgi/nph-Parser?patentnumber=PP9691,1,2015-04-19T15:14:48Z,impatiens,,1996,PP09691 -- Impatiens plant named 'Salmon Sunrise'
680,"van Rijn, Magdalena J. M.",Calathea plant named 'Angela',PLT/375,08/510300,PP09692,11/12/1996,http://www.lib.umd.edu/plantpatents/binaries/09600/pp09692.pdf,http://patft.uspto.gov/netacgi/nph-Parser?patentnumber=PP9692,7,2015-04-19T15:15:42Z,calathea,,1996,PP09692 -- Calathea plant named 'Angela'
681,"Van Rijn, Magdalena J. M.",Calathea plant named 'Silvia',PLT/375,08/510494,PP09693,11/12/1996,http://www.lib.umd.edu/plantpatents/binaries/09600/pp09693.pdf,http://patft.uspto.gov/netacgi/nph-Parser?patentnumber=PP9693,7,2015-04-19T15:16:50Z,calathea,,1996,PP09693 -- Calathea plant named 'Silvia'
682,"Henny, Richard J.",Dieffenbachia named '61101',PLT/378,08/341679,PP09694,11/12/1996,http://www.lib.umd.edu/plantpatents/binaries/09600/pp09694.pdf,http://patft.uspto.gov/netacgi/nph-Parser?patentnumber=PP9694,1,2015-04-19T15:17:32Z,dieffenbachia,,1996,PP09694 -- Dieffenbachia named '61101'
683,"Zaiger, Chris F. et al.","Peach tree ""Sweet Scarlet""",PLT/197,08/541292,PP09695,11/19/1996,http://www.lib.umd.edu/plantpatents/binaries/09600/pp09695.pdf,http://patft.uspto.gov/netacgi/nph-Parser?patentnumber=PP9695,1,2015-04-19T15:19:40Z,peach,,1996,"PP09695 -- Peach tree ""Sweet Scarlet"""
684,"Fear, Carlos D.",Raspberry plant cv. 'Godiva',PLT/204,08/430538,PP09696,11/19/1996,http://www.lib.umd.edu/plantpatents/binaries/09600/pp09696.pdf,http://patft.uspto.gov/netacgi/nph-Parser?patentnumber=PP9696,3,2015-04-19T15:21:26Z,raspberry,"Two color, one black&white",1996,PP09696 -- Raspberry plant cv. 'Godiva'
685,"Johnston, Harold",Acer palmatum named 'Beni Shi En',PLT/224,08/599420,PP09697,11/19/1996,http://www.lib.umd.edu/plantpatents/binaries/09600/pp09697.pdf,http://patft.uspto.gov/netacgi/nph-Parser?patentnumber=PP9697,6,2015-04-19T15:22:22Z,acer palmatum,,1996,PP09697 -- Acer palmatum named 'Beni Shi En'
686,"Morales-Martinez, Jo A. et al.",Abelia.times.grandiflora 'Sunrise',PLT/226,08/512737,PP09698,11/19/1996,http://www.lib.umd.edu/plantpatents/binaries/09600/pp09698.pdf,http://patft.uspto.gov/netacgi/nph-Parser?patentnumber=PP9698,3,2015-04-19T15:23:04Z,abelia,,1996,PP09698 -- Abelia.times.grandiflora 'Sunrise'
687,"VandenBerg, Cornelis P.",Chrysanthemum plant named 'Sarasota',PLT/286,08/544099,PP09699,11/19/1996,http://www.lib.umd.edu/plantpatents/binaries/09600/pp09699.pdf,http://patft.uspto.gov/netacgi/nph-Parser?patentnumber=PP9699,3,2015-04-19T15:23:36Z,chrysanthemum,"One color, two black&white",1996,PP09699 -- Chrysanthemum plant named 'Sarasota'
688,"VandenBerg, Cornelis P.",Chrysanthemum plant named 'Golden Cinderella',PLT/289,08/525313,PP09700,11/19/1996,http://www.lib.umd.edu/plantpatents/binaries/09700/pp09700.pdf,http://patft.uspto.gov/netacgi/nph-Parser?patentnumber=PP9700,1,2015-04-19T15:25:08Z,chrysanthemum,,1996,PP09700 -- Chrysanthemum plant named 'Golden Cinderella'
689,"VandenBerg, Cornelis P.",Chrysanthemum plant named 'Pink Cinderella',PLT/291,08/525315,PP09701,11/19/1996,http://www.lib.umd.edu/plantpatents/binaries/09700/pp09701.pdf,http://patft.uspto.gov/netacgi/nph-Parser?patentnumber=PP9701,1,2015-04-19T15:25:34Z,chrysanthemum,,1996,PP09701 -- Chrysanthemum plant named 'Pink Cinderella'
690,"Polys, Susan M.",Chrysanthemum plant named 'Bronze Cherie',PLT/296,08/523288,PP09702,11/19/1996,http://www.lib.umd.edu/plantpatents/binaries/09700/pp09702.pdf,http://patft.uspto.gov/netacgi/nph-Parser?patentnumber=PP9702,1,2015-04-19T15:26:08Z,chrysanthemum,,1996,PP09702 -- Chrysanthemum plant named 'Bronze Cherie'
691,"Rotolante, Denis W.",Anthurium 'Rotolante Number 3',PLT/366,08/402853,PP09703,11/19/1996,http://www.lib.umd.edu/plantpatents/binaries/09700/pp09703.pdf,http://patft.uspto.gov/netacgi/nph-Parser?patentnumber=PP9703,1,2015-04-19T15:26:40Z,anthurium,,1996,PP09703 -- Anthurium 'Rotolante Number 3'
692,"Van Rijn, Magdalena J. M.",Anthurium plant named 'Elisabeth',PLT/367,08/510566,PP09704,11/19/1996,http://www.lib.umd.edu/plantpatents/binaries/09700/pp09704.pdf,http://patft.uspto.gov/netacgi/nph-Parser?patentnumber=PP9704,3,2015-04-19T15:27:18Z,anthurium,,1996,PP09704 -- Anthurium plant named 'Elisabeth'
693,"Austin, David C. H.",Shrub rose plant named 'Ausmoon',PLT/104,08/573456,PP09705,11/26/1996,http://www.lib.umd.edu/plantpatents/binaries/09700/pp09705.pdf,http://patft.uspto.gov/netacgi/nph-Parser?patentnumber=PP9705,1,2015-04-19T15:28:16Z,rose,,1996,PP09705 -- Shrub rose plant named 'Ausmoon'
694,"Ilsink, G. P.",Hybrid tea rose plant named 'Interzena',PLT/130,08/596709,PP09706,11/26/1996,http://www.lib.umd.edu/plantpatents/binaries/09700/pp09706.pdf,http://patft.uspto.gov/netacgi/nph-Parser?patentnumber=PP9706,1,2015-04-19T15:28:42Z,rose,,1996,PP09706 -- Hybrid tea rose plant named 'Interzena'
695,"Ohrazda, Melvin et al.",'Lucky Rose Golden' Apple tree,PLT/161,08/457287,PP09707,11/26/1996,http://www.lib.umd.edu/plantpatents/binaries/09700/pp09707.pdf,http://patft.uspto.gov/netacgi/nph-Parser?patentnumber=PP9707,6,2015-04-19T15:29:18Z,apple,"Three color, three black&white",1996,PP09707 -- 'Lucky Rose Golden' Apple tree
696,"Sherman, Wayne B.",Apple tree 'Fla. 90-3',PLT/161,08/522983,PP09708,11/26/1996,http://www.lib.umd.edu/plantpatents/binaries/09700/pp09708.pdf,http://patft.uspto.gov/netacgi/nph-Parser?patentnumber=PP9708,2,2015-04-19T15:30:30Z,apple,,1996,PP09708 -- Apple tree 'Fla. 90-3'
697,"Martin, Gray E. et al.",Avocado tree called 'Sir-Prize',PLT/200,08/481572,PP09709,11/26/1996,http://www.lib.umd.edu/plantpatents/binaries/09700/pp09709.pdf,http://patft.uspto.gov/netacgi/nph-Parser?patentnumber=PP9709,3,2015-04-19T15:31:04Z,avocado,,1996,PP09709 -- Avocado tree called 'Sir-Prize'
698,"Kramer, Kurt",Heather 'Alexandra',PLT/231,08/459510,PP09710,11/26/1996,http://www.lib.umd.edu/plantpatents/binaries/09700/pp09710.pdf,http://patft.uspto.gov/netacgi/nph-Parser?patentnumber=PP9710,3,2015-04-19T15:31:46Z,heather,,1996,PP09710 -- Heather 'Alexandra'
699,"Danziger, Gabriel",Gypsophila paniculata named 'Danghappy',PLT/354,08/513525,PP09711,11/26/1996,http://www.lib.umd.edu/plantpatents/binaries/09700/pp09711.pdf,http://patft.uspto.gov/netacgi/nph-Parser?patentnumber=PP9711,1,2015-04-19T15:32:10Z,gypsophila,,1996,PP09711 -- Gypsophila paniculata named 'Danghappy'
700,"Glicenstein, Leon",Chrysanthemum plant named 'Bright Tracy',PLT/295,08/516920,PP09712,11/26/1996,http://www.lib.umd.edu/plantpatents/binaries/09700/pp09712.pdf,http://patft.uspto.gov/netacgi/nph-Parser?patentnumber=PP9712,1,2015-04-19T15:32:36Z,chrysanthemum,,1996,PP09712 -- Chrysanthemum plant named 'Bright Tracy'
701,"Polys, Susan M.",Chrysanthemum plant named 'Yellow Cherie',PLT/295,08/523290,PP09713,11/26/1996,http://www.lib.umd.edu/plantpatents/binaries/09700/pp09713.pdf,http://patft.uspto.gov/netacgi/nph-Parser?patentnumber=PP9713,1,2015-04-19T15:33:06Z,chrysanthemum,,1996,PP09713 -- Chrysanthemum plant named 'Yellow Cherie'
702,"van Rosmalen, N. A. M.",Anthurium plant named 'Toscane',PLT/369,08/516558,PP09714,11/26/1996,http://www.lib.umd.edu/plantpatents/binaries/09700/pp09714.pdf,http://patft.uspto.gov/netacgi/nph-Parser?patentnumber=PP9714,4,2015-04-19T15:33:44Z,anthurium,,1996,PP09714 -- Anthurium plant named 'Toscane'
703,"Carruth, Thomas F.",Shrub rose plant named 'Wekplasol',PLT/102,08/561396,PP09715,12/3/1996,http://www.lib.umd.edu/plantpatents/binaries/09700/pp09715.pdf,http://patft.uspto.gov/netacgi/nph-Parser?patentnumber=PP9715,1,2015-04-20T08:57:20Z,rose,,1996,PP09715 -- Shrub rose plant named 'Wekplasol'
704,"Olesen, Morgens N. et al.",Miniature rose plant named 'Poulsun',PLT/118,08/590263,PP09716,12/3/1996,http://www.lib.umd.edu/plantpatents/binaries/09700/pp09716.pdf,http://patft.uspto.gov/netacgi/nph-Parser?patentnumber=PP9716,1,2015-04-20T09:06:18Z,rose,,1996,PP09716 -- Miniature rose plant named 'Poulsun'
705,"Pouw, Antonius A.",Miniature rose plant named 'Ruipatros',PLT/121,08/549923,PP09717,12/3/1996,http://www.lib.umd.edu/plantpatents/binaries/09700/pp09717.pdf,http://patft.uspto.gov/netacgi/nph-Parser?patentnumber=PP9717,2,2015-04-21T12:28:40Z,rose,,1996,PP09717 -- Miniature rose plant named 'Ruipatros'
706,"Fryer, Gareth",Hybrid Tea rose plant named 'Fryxotic',PLT/130,08/564798,PP09718,12/3/1996,http://www.lib.umd.edu/plantpatents/binaries/09700/pp09718.pdf,http://patft.uspto.gov/netacgi/nph-Parser?patentnumber=PP9718,1,2015-04-20T09:10:18Z,rose,,1996,PP09718 -- Hybrid Tea rose plant named 'Fryxotic'
707,"Carruth, Thomas F.",Grandiflora rose plant named 'Wekblagab',PLT/134,08/557231,PP09719,12/3/1996,http://www.lib.umd.edu/plantpatents/binaries/09700/pp09719.pdf,http://patft.uspto.gov/netacgi/nph-Parser?patentnumber=PP9719,1,2015-04-20T09:10:54Z,rose,,1996,PP09719 -- Grandiflora rose plant named 'Wekblagab'
708,"Kordes, Wilhelm",Floribunda rose plant named 'KORplasina',PLT/144,08/596447,PP09720,12/3/1996,http://www.lib.umd.edu/plantpatents/binaries/09700/pp09720.pdf,http://patft.uspto.gov/netacgi/nph-Parser?patentnumber=PP9720,1,2015-04-20T09:11:28Z,rose,,1996,PP09720 -- Floribunda rose plant named 'KORplasina'
709,"Ilsink, G. P.",Floribunda rose plant variety named 'Intertyn',PLT/147,08/596710,PP09721,12/3/1996,http://www.lib.umd.edu/plantpatents/binaries/09700/pp09721.pdf,http://patft.uspto.gov/netacgi/nph-Parser?patentnumber=PP9721,1,2015-04-20T09:12:14Z,rose,,1996,PP09721 -- Floribunda rose plant variety named 'Intertyn'
710,"Ilsink, G. P.",Floribunda variety named 'Interlis',PLT/148,08/597900,PP09722,12/3/1996,http://www.lib.umd.edu/plantpatents/binaries/09700/pp09722.pdf,http://patft.uspto.gov/netacgi/nph-Parser?patentnumber=PP9722,1,2015-04-20T09:13:10Z,floribunda,,1996,PP09722 -- Floribunda variety named 'Interlis'
711,"Mancuso, Ciro",Cherry tree 'Scarlet',PLT/181,08/544377,PP09723,12/3/1996,http://www.lib.umd.edu/plantpatents/binaries/09700/pp09723.pdf,http://patft.uspto.gov/netacgi/nph-Parser?patentnumber=PP9723,1,2015-04-20T09:13:44Z,cherry,,1996,PP09723 -- Cherry tree 'Scarlet'
712,"VandenBerg, Cornelis P.",Carnation plant named Monica,PLT/278,08/513521,PP09724,12/3/1996,http://www.lib.umd.edu/plantpatents/binaries/09700/pp09724.pdf,http://patft.uspto.gov/netacgi/nph-Parser?patentnumber=PP9724,1,2015-04-20T09:14:22Z,carnation,"One color, one black&white",1996,PP09724 -- Carnation plant named Monica
713,"Fuess, Janet S.",Chrysanthemum plant named 'Empire Rhapsody',PLT/287,08/519533,PP09725,12/3/1996,http://www.lib.umd.edu/plantpatents/binaries/09700/pp09725.pdf,http://patft.uspto.gov/netacgi/nph-Parser?patentnumber=PP9725,1,2015-04-20T09:14:44Z,chrysanthemum,"One color, two black&white",1996,PP09725 -- Chrysanthemum plant named 'Empire Rhapsody'
714,"Dummen, Gunter",Poinsettia plant named 'HWD Daylight',PLT/304,08/516201,PP09726,12/3/1996,http://www.lib.umd.edu/plantpatents/binaries/09700/pp09726.pdf,http://patft.uspto.gov/netacgi/nph-Parser?patentnumber=PP9726,1,2015-04-20T09:15:24Z,poinsettia,,1996,PP09726 -- Poinsettia plant named 'HWD Daylight'
715,"Dummen, Gunter",Poinsettia plant named HWD Capri,PLT/307,08/516202,PP09727,12/3/1996,http://www.lib.umd.edu/plantpatents/binaries/09700/pp09727.pdf,http://patft.uspto.gov/netacgi/nph-Parser?patentnumber=PP9727,1,2015-04-20T09:15:54Z,poinsettia,,1996,PP09727 -- Poinsettia plant named HWD Capri
716,"Guillou, Jacques et al.",Geranium plant named 'Guitoublanc',PLT/332,08/384528,PP09728,12/3/1996,http://www.lib.umd.edu/plantpatents/binaries/09700/pp09728.pdf,http://patft.uspto.gov/netacgi/nph-Parser?patentnumber=PP9728,1,2015-04-20T09:16:36Z,geranium,,1996,PP09728 -- Geranium plant named 'Guitoublanc'
717,"Dummen, Gunter",Geranium plant named 'HWD Celesta',PLT/328,08/517375,PP09729,12/3/1996,http://www.lib.umd.edu/plantpatents/binaries/09700/pp09729.pdf,http://patft.uspto.gov/netacgi/nph-Parser?patentnumber=PP9729,1,2015-04-20T09:17:04Z,geranium,,1996,PP09729 -- Geranium plant named 'HWD Celesta'
718,"Dummen, Gunter",Geranium plant named 'HWD Sorpresa',PLT/329,08/520861,PP09730,12/3/1996,http://www.lib.umd.edu/plantpatents/binaries/09700/pp09730.pdf,http://patft.uspto.gov/netacgi/nph-Parser?patentnumber=PP9730,1,2015-04-20T09:17:26Z,geranium,,1996,PP09730 -- Geranium plant named 'HWD Sorpresa'
719,"Dummen, Gunter",Geranium plant named 'HWD Fuega',PLT/330,08/521403,PP09731,12/3/1996,http://www.lib.umd.edu/plantpatents/binaries/09700/pp09731.pdf,http://patft.uspto.gov/netacgi/nph-Parser?patentnumber=PP9731,1,2015-04-20T09:17:54Z,geranium,,1996,PP09731 -- Geranium plant named 'HWD Fuega'
720,"Dummen, Gunter",Geranium plant named 'HWD Opal',PLT/325,08/522002,PP09732,12/3/1996,http://www.lib.umd.edu/plantpatents/binaries/09700/pp09732.pdf,http://patft.uspto.gov/netacgi/nph-Parser?patentnumber=PP9732,1,2015-04-20T09:18:18Z,geranium,,1996,PP09732 -- Geranium plant named 'HWD Opal'
721,"Rothberg, Morton S.","Elephant grass denominated ""Promor A""",PLT/384,08/357644,PP09733,12/3/1996,http://www.lib.umd.edu/plantpatents/binaries/09700/pp09733.pdf,http://patft.uspto.gov/netacgi/nph-Parser?patentnumber=PP9733,1,2015-04-20T09:18:54Z,elephant,,1996,"PP09733 -- Elephant grass denominated ""Promor A"""
722,"Pouw, Antonius A.",Miniature rose plant named 'Ruixandra',PLT/116,08/549951,PP09734,12/10/1996,http://www.lib.umd.edu/plantpatents/binaries/09700/pp09734.pdf,http://patft.uspto.gov/netacgi/nph-Parser?patentnumber=PP9734,2,2015-04-21T12:29:30Z,rose,,1996,PP09734 -- Miniature rose plant named 'Ruixandra'
723,"Pouw, Antonius A.",Miniature rose plant named 'Ruibleu',PLT/121,08/550095,PP09735,12/10/1996,http://www.lib.umd.edu/plantpatents/binaries/09700/pp09735.pdf,http://patft.uspto.gov/netacgi/nph-Parser?patentnumber=PP9735,2,2015-04-21T12:29:58Z,rose,,1996,PP09735 -- Miniature rose plant named 'Ruibleu'
724,"Carmi, Carmel",Hybrid tea rose plant named 'Light Carola',PLT/139,08/323076,PP09736,12/10/1996,http://www.lib.umd.edu/plantpatents/binaries/09700/pp09736.pdf,http://patft.uspto.gov/netacgi/nph-Parser?patentnumber=PP9736,3,2015-04-21T12:30:42Z,rose,,1996,PP09736 -- Hybrid tea rose plant named 'Light Carola'
725,"Hilverda, Jan J.",Carnation plant named Hildisco,PLT/273,08/526239,PP09737,12/10/1996,http://www.lib.umd.edu/plantpatents/binaries/09700/pp09737.pdf,http://patft.uspto.gov/netacgi/nph-Parser?patentnumber=PP9737,1,2015-04-20T09:50:12Z,carnation,,1996,PP09737 -- Carnation plant named Hildisco
726,"Fuess, Janet S.",Chrysanthemum plant named 'Empire Crown Jewel',PLT/286,08/520466,PP09738,12/10/1996,http://www.lib.umd.edu/plantpatents/binaries/09700/pp09738.pdf,http://patft.uspto.gov/netacgi/nph-Parser?patentnumber=PP9738,1,2015-04-20T09:51:00Z,chrysanthemum,"One color, two black&white",1996,PP09738 -- Chrysanthemum plant named 'Empire Crown Jewel'
727,"Dummen, Gunter",Poinsettia plant named HWD Moonlight,PLT/304,08/516183,PP09739,12/10/1996,http://www.lib.umd.edu/plantpatents/binaries/09700/pp09739.pdf,http://patft.uspto.gov/netacgi/nph-Parser?patentnumber=PP9739,1,2015-04-20T09:51:34Z,poinsettia,,1996,PP09739 -- Poinsettia plant named HWD Moonlight
728,"Dummen, Gunter",Poinsettia plant named HWD Menorca,PLT/307,08/516476,PP09740,12/10/1996,http://www.lib.umd.edu/plantpatents/binaries/09700/pp09740.pdf,http://patft.uspto.gov/netacgi/nph-Parser?patentnumber=PP9740,1,2015-04-20T09:52:00Z,poinsettia,,1996,PP09740 -- Poinsettia plant named HWD Menorca
729,"Dummen, Gunter",New Guinea Impatiens plant named 'HWD Melodie',PLT/318.4,08/516182,PP09741,12/10/1996,http://www.lib.umd.edu/plantpatents/binaries/09700/pp09741.pdf,http://patft.uspto.gov/netacgi/nph-Parser?patentnumber=PP9741,1,2015-04-20T09:52:32Z,impatiens,,1996,PP09741 -- New Guinea Impatiens plant named 'HWD Melodie'
730,"Dummen, Gunter",New Guinea Impatiens plant named 'HWD Bourree',PLT/318.3,08/516464,PP09742,12/10/1996,http://www.lib.umd.edu/plantpatents/binaries/09700/pp09742.pdf,http://patft.uspto.gov/netacgi/nph-Parser?patentnumber=PP9742,1,2015-04-20T09:53:26Z,impatiens,,1996,PP09742 -- New Guinea Impatiens plant named 'HWD Bourree'
731,"Dummen, Gunter",Geranium plant named HWD Campana,PLT/325,08/517102,PP09743,12/10/1996,http://www.lib.umd.edu/plantpatents/binaries/09700/pp09743.pdf,http://patft.uspto.gov/netacgi/nph-Parser?patentnumber=PP9743,1,2015-04-20T09:54:04Z,geranium,,1996,PP09743 -- Geranium plant named HWD Campana
732,"Dummen, Gunter",Geranium plant named 'HWD Aida',PLT/330,08/517834,PP09744,12/10/1996,http://www.lib.umd.edu/plantpatents/binaries/09700/pp09744.pdf,http://patft.uspto.gov/netacgi/nph-Parser?patentnumber=PP9744,1,2015-04-20T09:54:32Z,geranium,,1996,PP09744 -- Geranium plant named 'HWD Aida'
733,"Harring, Gabriele",Geranium plant named 'HWD Gabrieli',PLT/327,08/520859,PP09745,12/10/1996,http://www.lib.umd.edu/plantpatents/binaries/09700/pp09745.pdf,http://patft.uspto.gov/netacgi/nph-Parser?patentnumber=PP9745,1,2015-04-20T09:54:58Z,geranium,,1996,PP09745 -- Geranium plant named 'HWD Gabrieli'
734,"Dummen, Gunter",Geranium plant named 'HWD Jubila',PLT/329,08/520863,PP09746,12/10/1996,http://www.lib.umd.edu/plantpatents/binaries/09700/pp09746.pdf,http://patft.uspto.gov/netacgi/nph-Parser?patentnumber=PP9746,1,2015-04-20T09:55:22Z,geranium,,1996,PP09746 -- Geranium plant named 'HWD Jubila'
735,"Dummen, Gunter",Geranium plant named 'HWD Ventura',PLT/330,08/521402,PP09747,12/10/1996,http://www.lib.umd.edu/plantpatents/binaries/09700/pp09747.pdf,http://patft.uspto.gov/netacgi/nph-Parser?patentnumber=PP9747,1,2015-04-20T09:55:54Z,geranium,,1996,PP09747 -- Geranium plant named 'HWD Ventura'
736,"Dummen, Gunter",Geranium plant named 'HWD Violetta',PLT/330,08/521603,PP09748,12/10/1996,http://www.lib.umd.edu/plantpatents/binaries/09700/pp09748.pdf,http://patft.uspto.gov/netacgi/nph-Parser?patentnumber=PP9748,1,2015-04-20T09:56:26Z,geranium,,1996,PP09748 -- Geranium plant named 'HWD Violetta'
737,"Pouw, Antonius A.",Miniature rose plant named 'Ruifire',PLT/116,08/562973,PP09749,12/17/1996,http://www.lib.umd.edu/plantpatents/binaries/09700/pp09749.pdf,http://patft.uspto.gov/netacgi/nph-Parser?patentnumber=PP9749,2,2015-04-21T12:31:26Z,rose,,1996,PP09749 -- Miniature rose plant named 'Ruifire'
738,"Carmi, Carnel",Hybrid Tea rose plant named 'Seemore',PLT/130,08/322487,PP09750,12/17/1996,http://www.lib.umd.edu/plantpatents/binaries/09700/pp09750.pdf,http://patft.uspto.gov/netacgi/nph-Parser?patentnumber=PP9750,3,2015-04-20T09:59:02Z,rose,,1996,PP09750 -- Hybrid Tea rose plant named 'Seemore'
739,"Carmi, Carmel",Hybrid Tea rose plant named 'Carsoof',PLT/133,08/351865,PP09751,12/17/1996,http://www.lib.umd.edu/plantpatents/binaries/09700/pp09751.pdf,http://patft.uspto.gov/netacgi/nph-Parser?patentnumber=PP9751,3,2015-04-20T09:59:54Z,rose,,1996,PP09751 -- Hybrid Tea rose plant named 'Carsoof'
740,"Kordes, Wilhelm",Hybrid Tea rose plant named 'KORlis',PLT/137,08/596003,PP09752,12/17/1996,http://www.lib.umd.edu/plantpatents/binaries/09700/pp09752.pdf,http://patft.uspto.gov/netacgi/nph-Parser?patentnumber=PP9752,1,2015-04-20T10:00:18Z,rose,,1996,PP09752 -- Hybrid Tea rose plant named 'KORlis'
741,"Martin, Gray E. et al.",Avocado tree called Lamb/Hass,PLT/200,08/483610,PP09753,12/17/1996,http://www.lib.umd.edu/plantpatents/binaries/09700/pp09753.pdf,http://patft.uspto.gov/netacgi/nph-Parser?patentnumber=PP9753,3,2015-04-20T10:01:00Z,avocado,,1996,PP09753 -- Avocado tree called Lamb/Hass
742,"Suzuki, Kenichi et al.",Petunia plant named 'Sunberubu',PLT/356.19,08/416071,PP09754,12/17/1996,http://www.lib.umd.edu/plantpatents/binaries/09700/pp09754.pdf,http://patft.uspto.gov/netacgi/nph-Parser?patentnumber=PP9754,4,2015-04-20T10:01:38Z,petunia,,1996,PP09754 -- Petunia plant named 'Sunberubu'
743,"Verhoeven, Thomas A.",Impatiens plant named 'Cherry Ice',PLT/317,08/527210,PP09755,12/17/1996,http://www.lib.umd.edu/plantpatents/binaries/09700/pp09755.pdf,http://patft.uspto.gov/netacgi/nph-Parser?patentnumber=PP9755,2,2015-04-20T10:02:10Z,impatiens,,1996,PP09755 -- Impatiens plant named 'Cherry Ice'
744,"Harring, Gabriele",Geranium plant named 'HWD Onyx',PLT/332,08/520862,PP09756,12/17/1996,http://www.lib.umd.edu/plantpatents/binaries/09700/pp09756.pdf,http://patft.uspto.gov/netacgi/nph-Parser?patentnumber=PP9756,1,2015-04-20T10:02:36Z,geranium,,1996,PP09756 -- Geranium plant named 'HWD Onyx'
745,"Lopez, Jose M. A.",Strawberry plant named 'Aires',PLT/209,08/512886,PP09757,12/24/1996,http://www.lib.umd.edu/plantpatents/binaries/09700/pp09757.pdf,http://patft.uspto.gov/netacgi/nph-Parser?patentnumber=PP9757,6,2015-04-20T10:03:28Z,strawberry,,1996,PP09757 -- Strawberry plant named 'Aires'
746,"Sapia, Flavio",Carnation plant named 'Velvet',PLT/278,08/517106,PP09758,12/24/1996,http://www.lib.umd.edu/plantpatents/binaries/09700/pp09758.pdf,http://patft.uspto.gov/netacgi/nph-Parser?patentnumber=PP9758,1,2015-04-20T10:04:02Z,carnation,,1996,PP09758 -- Carnation plant named 'Velvet'
747,"Sapia, Flavio",Carnation plant named 'Paco',PLT/278,08/517110,PP09759,12/24/1996,http://www.lib.umd.edu/plantpatents/binaries/09700/pp09759.pdf,http://patft.uspto.gov/netacgi/nph-Parser?patentnumber=PP9759,1,2015-04-20T10:04:24Z,carnation,,1996,PP09759 -- Carnation plant named 'Paco'
748,"VandenBerg, Cornelis P.",Chrysanthemum plant named 'Peach Cinderella',PLT/289,08/525312,PP09760,12/24/1996,http://www.lib.umd.edu/plantpatents/binaries/09700/pp09760.pdf,http://patft.uspto.gov/netacgi/nph-Parser?patentnumber=PP9760,1,2015-04-20T10:04:58Z,chrysanthemum,,1996,PP09760 -- Chrysanthemum plant named 'Peach Cinderella'
749,"Utecht, Angelika",Geranium plant named 'Fisalb',PLT/326,08/518892,PP09761,12/24/1996,http://www.lib.umd.edu/plantpatents/binaries/09700/pp09761.pdf,http://patft.uspto.gov/netacgi/nph-Parser?patentnumber=PP9761,1,2015-04-20T10:05:22Z,geranium,,1996,PP09761 -- Geranium plant named 'Fisalb'
750,"Utecht, Angelika",Geranium plant named 'Fisbraris',PLT/329,08/518893,PP09762,12/24/1996,http://www.lib.umd.edu/plantpatents/binaries/09700/pp09762.pdf,http://patft.uspto.gov/netacgi/nph-Parser?patentnumber=PP9762,1,2015-04-20T10:05:48Z,geranium,,1996,PP09762 -- Geranium plant named 'Fisbraris'
751,"Utecht, Angelika",Geranium plant named 'Fisvideo',PLT/327,08/518895,PP09763,12/24/1996,http://www.lib.umd.edu/plantpatents/binaries/09700/pp09763.pdf,http://patft.uspto.gov/netacgi/nph-Parser?patentnumber=PP9763,1,2015-04-20T10:06:12Z,geranium,,1996,PP09763 -- Geranium plant named 'Fisvideo'
752,"Utecht, Angelika",Geranium plant named 'Fisblu',PLT/325,08/518896,PP09764,12/24/1996,http://www.lib.umd.edu/plantpatents/binaries/09700/pp09764.pdf,http://patft.uspto.gov/netacgi/nph-Parser?patentnumber=PP9764,1,2015-04-20T10:06:38Z,geranium,,1996,PP09764 -- Geranium plant named 'Fisblu'
753,"Utecht, Angelika",Geranium plant named 'Fisbravo',PLT/325,08/518897,PP09765,12/24/1996,http://www.lib.umd.edu/plantpatents/binaries/09700/pp09765.pdf,http://patft.uspto.gov/netacgi/nph-Parser?patentnumber=PP9765,1,2015-04-20T10:07:06Z,geranium,,1996,PP09765 -- Geranium plant named 'Fisbravo'
754,"Harring, Gabriele",Geranium plant named 'HWD Corelli',PLT/330,08/520860,PP09766,12/24/1996,http://www.lib.umd.edu/plantpatents/binaries/09700/pp09766.pdf,http://patft.uspto.gov/netacgi/nph-Parser?patentnumber=PP9766,1,2015-04-20T10:07:28Z,geranium,,1996,PP09766 -- Geranium plant named 'HWD Corelli'
755,"Dummen, Gunter",Geranium plant named 'HWD Ravelina',PLT/325,08/521401,PP09767,12/24/1996,http://www.lib.umd.edu/plantpatents/binaries/09700/pp09767.pdf,http://patft.uspto.gov/netacgi/nph-Parser?patentnumber=PP9767,1,2015-04-20T10:07:56Z,geranium,,1996,PP09767 -- Geranium plant named 'HWD Ravelina'
756,"Shiigi, David R.",Guzmania 'Puna Gold',PLT/371,08/510136,PP09768,12/24/1996,http://www.lib.umd.edu/plantpatents/binaries/09700/pp09768.pdf,http://patft.uspto.gov/netacgi/nph-Parser?patentnumber=PP9768,1,2015-04-20T10:08:22Z,guzmania,,1996,PP09768 -- Guzmania 'Puna Gold'
757,"Maltagliati, Mark G.",Hybrid Tea rose plant named 'Maljoanna',PLT/137,08/582351,PP09769,12/31/1996,http://www.lib.umd.edu/plantpatents/binaries/09700/pp09769.pdf,http://patft.uspto.gov/netacgi/nph-Parser?patentnumber=PP9769,1,2015-04-20T10:09:22Z,rose,,1996,PP09769 -- Hybrid Tea rose plant named 'Maljoanna'
758,"Lopez, Jose M. A.",Strawberry plant named 'Arena',PLT/208,08/513006,PP09770,12/31/1996,http://www.lib.umd.edu/plantpatents/binaries/09700/pp09770.pdf,http://patft.uspto.gov/netacgi/nph-Parser?patentnumber=PP9770,9,2015-04-20T10:10:14Z,strawberry,,1996,PP09770 -- Strawberry plant named 'Arena'
759,"Cunningham, Peter",Robinia plant named 'Lace Lady',PLT/216,08/428703,PP09771,12/31/1996,http://www.lib.umd.edu/plantpatents/binaries/09700/pp09771.pdf,http://patft.uspto.gov/netacgi/nph-Parser?patentnumber=PP9771,2,2015-04-20T10:11:06Z,robinia,,1996,PP09771 -- Robinia plant named 'Lace Lady'
760,"Glicenstein, Leon",Chrysanthemum plant named 'Dreamy Tracy',PLT/295,08/516564,PP09772,12/31/1996,http://www.lib.umd.edu/plantpatents/binaries/09700/pp09772.pdf,http://patft.uspto.gov/netacgi/nph-Parser?patentnumber=PP9772,1,2015-04-20T10:11:28Z,chrysanthemum,,1996,PP09772 -- Chrysanthemum plant named 'Dreamy Tracy'
761,"Utecht, Angelika",Geranium plant named 'Fismega',PLT/327,08/518894,PP09773,12/31/1996,http://www.lib.umd.edu/plantpatents/binaries/09700/pp09773.pdf,http://patft.uspto.gov/netacgi/nph-Parser?patentnumber=PP9773,1,2015-04-20T10:11:58Z,geranium,,1996,PP09773 -- Geranium plant named 'Fismega'
762,"Utecht, Angelika",Geranium plant named 'Fisboogy',PLT/330,08/520715,PP09774,12/31/1996,http://www.lib.umd.edu/plantpatents/binaries/09700/pp09774.pdf,http://patft.uspto.gov/netacgi/nph-Parser?patentnumber=PP9774,1,2015-04-20T10:12:24Z,geranium,,1996,PP09774 -- Geranium plant named 'Fisboogy'
763,"Barnes, J. Glenn et al.",Aglaonema plant named Deborah,PLT/376,08/523490,PP09775,12/31/1996,http://www.lib.umd.edu/plantpatents/binaries/09700/pp09775.pdf,http://patft.uspto.gov/netacgi/nph-Parser?patentnumber=PP9775,4,2015-04-20T10:12:52Z,aglaonema,,1996,PP09775 -- Aglaonema plant named Deborah
764,"O'Brien, Susan M. et al.",Miniature rose plant named 'Sweet Revenge',PLT/127,08/582197,PP09776,1/7/1997,http://www.lib.umd.edu/plantpatents/binaries/09700/pp09776.pdf,http://patft.uspto.gov/netacgi/nph-Parser?patentnumber=PP9776,1,2015-04-20T10:13:46Z,rose,,1997,PP09776 -- Miniature rose plant named 'Sweet Revenge'
765,"Meilland, Alain A.",Floribunda rose plant named 'Meipopul',PLT/141,08/555726,PP09777,1/7/1997,http://www.lib.umd.edu/plantpatents/binaries/09700/pp09777.pdf,http://patft.uspto.gov/netacgi/nph-Parser?patentnumber=PP9777,1,2015-04-20T10:14:10Z,rose,,1997,PP09777 -- Floribunda rose plant named 'Meipopul'
766,"Zaiger, Chris F. et al.",Peach tree 'Star-Fire',PLT/197,08/549924,PP09778,1/7/1997,http://www.lib.umd.edu/plantpatents/binaries/09700/pp09778.pdf,http://patft.uspto.gov/netacgi/nph-Parser?patentnumber=PP9778,1,2015-04-20T10:14:32Z,peach,,1997,PP09778 -- Peach tree 'Star-Fire'
767,"Apps, Darrel A.",Daylily named 'Rosy Returns',PLT/312,08/554005,PP09779,1/7/1997,http://www.lib.umd.edu/plantpatents/binaries/09700/pp09779.pdf,http://patft.uspto.gov/netacgi/nph-Parser?patentnumber=PP9779,1,2015-04-20T10:14:56Z,daylily,,1997,PP09779 -- Daylily named 'Rosy Returns'
768,"Bennett, deceased, Cecilia L. D. et al.",Miniature rose plant named 'Something For Judy',PLT/123,08/582198,PP09780,1/14/1997,http://www.lib.umd.edu/plantpatents/binaries/09700/pp09780.pdf,http://patft.uspto.gov/netacgi/nph-Parser?patentnumber=PP9780,1,2015-04-20T10:15:40Z,rose,,1997,PP09780 -- Miniature rose plant named 'Something For Judy'
769,"Proteau, Maurice et al.",Polemonium plant named Brise d'Anjou,PLT/470,08/495974,PP09781,1/14/1997,http://www.lib.umd.edu/plantpatents/binaries/09700/pp09781.pdf,http://patft.uspto.gov/netacgi/nph-Parser?patentnumber=PP9781,3,2015-04-20T10:16:08Z,polemonium,,1997,PP09781 -- Polemonium plant named Brise d'Anjou
770,"Frazer, Edwin J.",Dieffenbachia plant named 'Tropic Breeze',PLT/378,08/422899,PP09782,1/14/1997,http://www.lib.umd.edu/plantpatents/binaries/09700/pp09782.pdf,http://patft.uspto.gov/netacgi/nph-Parser?patentnumber=PP9782,3,2015-04-20T10:16:40Z,dieffenbachia,,1997,PP09782 -- Dieffenbachia plant named 'Tropic Breeze'
771,"Zaiger, Chris F. et al.",Cherry tree 'Earlisweet',PLT/181,08/550600,PP09783,1/21/1997,http://www.lib.umd.edu/plantpatents/binaries/09700/pp09783.pdf,http://patft.uspto.gov/netacgi/nph-Parser?patentnumber=PP9783,1,2015-04-20T10:17:52Z,cherry,,1997,PP09783 -- Cherry tree 'Earlisweet'
772,"Marshall, Richard J.",August White peach tree,PLT/196,08/399994,PP09784,1/21/1997,http://www.lib.umd.edu/plantpatents/binaries/09700/pp09784.pdf,http://patft.uspto.gov/netacgi/nph-Parser?patentnumber=PP9784,1,2015-04-20T10:18:16Z,peach,,1997,PP09784 -- August White peach tree
773,"Saville, F. Harmon",Miniature rose plant named 'SAVacook',PLT/123,08/575282,PP09785,1/28/1997,http://www.lib.umd.edu/plantpatents/binaries/09700/pp09785.pdf,http://patft.uspto.gov/netacgi/nph-Parser?patentnumber=PP9785,1,2015-04-20T10:18:56Z,rose,,1997,PP09785 -- Miniature rose plant named 'SAVacook'
774,"O'Brien, Susan M. et al.",Miniature rose plant named 'Quiet Time',PLT/123,08/582199,PP09786,1/28/1997,http://www.lib.umd.edu/plantpatents/binaries/09700/pp09786.pdf,http://patft.uspto.gov/netacgi/nph-Parser?patentnumber=PP9786,1,2015-04-20T10:19:22Z,rose,,1997,PP09786 -- Miniature rose plant named 'Quiet Time'
775,"Otani, Hideki",Cherry tree: 'Red Crystal',PLT/181,08/370578,PP09787,1/28/1997,http://www.lib.umd.edu/plantpatents/binaries/09700/pp09787.pdf,http://patft.uspto.gov/netacgi/nph-Parser?patentnumber=PP9787,6,2015-04-20T10:19:54Z,cherry,,1997,PP09787 -- Cherry tree: 'Red Crystal'
776,"Grant, William R. et al.",Sweet Gum Tree named 'Grant's Seedless Zn-4',PLT/216,08/521243,PP09788,1/28/1997,http://www.lib.umd.edu/plantpatents/binaries/09700/pp09788.pdf,http://patft.uspto.gov/netacgi/nph-Parser?patentnumber=PP9788,3,2015-04-20T10:20:20Z,sweet gum tree,,1997,PP09788 -- Sweet Gum Tree named 'Grant's Seedless Zn-4'
777,"Kramer, Kurt",Heather 'Melanie',PLT/231,08/505814,PP09789,1/28/1997,http://www.lib.umd.edu/plantpatents/binaries/09700/pp09789.pdf,http://patft.uspto.gov/netacgi/nph-Parser?patentnumber=PP9789,3,2015-04-20T10:20:54Z,heather,,1997,PP09789 -- Heather 'Melanie'
778,"Wells, Verlie Whitson",Miniature rose plant named 'WELangel',PLT/128,08/586959,PP09790,2/4/1997,http://www.lib.umd.edu/plantpatents/binaries/09700/pp09790.pdf,http://patft.uspto.gov/netacgi/nph-Parser?patentnumber=PP9790,1,2015-04-20T10:21:40Z,rose,,1997,PP09790 -- Miniature rose plant named 'WELangel'
779,"Rowe, Phillip R.",Plantain plant 'FHIA-21',PLT/160,08/535552,PP09791,2/4/1997,http://www.lib.umd.edu/plantpatents/binaries/09700/pp09791.pdf,http://patft.uspto.gov/netacgi/nph-Parser?patentnumber=PP9791,3,2015-04-20T10:22:12Z,plantain,,1997,PP09791 -- Plantain plant 'FHIA-21'
780,"VandenBerg, Cornelis P.",Chrysanthemum plant named 'Helen',PLT/293,08/608622,PP09793,2/4/1997,http://www.lib.umd.edu/plantpatents/binaries/09700/pp09793.pdf,http://patft.uspto.gov/netacgi/nph-Parser?patentnumber=PP9793,3,2015-04-20T10:22:56Z,chrysanthemum,"One color, two black&white",1997,PP09793 -- Chrysanthemum plant named 'Helen'
781,"McRae, Edward A. et al.",Lily plant named 'Golden Stargazer',PLT/315,08/580617,PP09794,2/4/1997,http://www.lib.umd.edu/plantpatents/binaries/09700/pp09794.pdf,http://patft.uspto.gov/netacgi/nph-Parser?patentnumber=PP9794,2,2015-04-20T10:23:32Z,lily,,1997,PP09794 -- Lily plant named 'Golden Stargazer'
782,"Schumann, Ingeborg et al.",Geranium plant named 'Fislais',PLT/327,08/532503,PP09795,2/4/1997,http://www.lib.umd.edu/plantpatents/binaries/09700/pp09795.pdf,http://patft.uspto.gov/netacgi/nph-Parser?patentnumber=PP9795,1,2015-04-20T10:23:52Z,geranium,,1997,PP09795 -- Geranium plant named 'Fislais'
783,"Schumann, Ingeborg et al.",Geranium plant named 'Floscala',PLT/326,08/532516,PP09796,2/4/1997,http://www.lib.umd.edu/plantpatents/binaries/09700/pp09796.pdf,http://patft.uspto.gov/netacgi/nph-Parser?patentnumber=PP9796,1,2015-04-20T10:24:20Z,geranium,,1997,PP09796 -- Geranium plant named 'Floscala'
784,"Kamemoto, Haruyuki et al.",Anthurium cultivar named 'Tropic Fire',PLT/369,08/484793,PP09797,2/4/1997,http://www.lib.umd.edu/plantpatents/binaries/09700/pp09797.pdf,http://patft.uspto.gov/netacgi/nph-Parser?patentnumber=PP9797,2,2015-04-20T10:24:48Z,anthurium,,1997,PP09797 -- Anthurium cultivar named 'Tropic Fire'
785,"Saville, F. Harmon",Miniature rose plant named 'Savamor',PLT/123,08/574388,PP09798,2/11/1997,http://www.lib.umd.edu/plantpatents/binaries/09700/pp09798.pdf,http://patft.uspto.gov/netacgi/nph-Parser?patentnumber=PP9798,1,2015-04-20T10:25:46Z,rose,,1997,PP09798 -- Miniature rose plant named 'Savamor'
786,"Saville, F. Harmon",Miniature rose plant named 'Savaspark',PLT/122,08/593814,PP09799,2/11/1997,http://www.lib.umd.edu/plantpatents/binaries/09700/pp09799.pdf,http://patft.uspto.gov/netacgi/nph-Parser?patentnumber=PP9799,1,2015-04-20T10:26:42Z,rose,,1997,PP09799 -- Miniature rose plant named 'Savaspark'
787,"Zaiger, Chris F. et al.",Peach tree 'Siesta Gem',PLT/197,08/577769,PP09800,2/11/1997,http://www.lib.umd.edu/plantpatents/binaries/09800/pp09800.pdf,http://patft.uspto.gov/netacgi/nph-Parser?patentnumber=PP9800,1,2015-04-20T10:27:14Z,peach,,1997,PP09800 -- Peach tree 'Siesta Gem'
788,"Stemkens, Henricus G. W.",Geranium plant named 'Sanblotch',PLT/332,08/572560,PP09801,2/11/1997,http://www.lib.umd.edu/plantpatents/binaries/09800/pp09801.pdf,http://patft.uspto.gov/netacgi/nph-Parser?patentnumber=PP9801,1,2015-04-20T10:27:34Z,geranium,,1997,PP09801 -- Geranium plant named 'Sanblotch'
789,"Stemkens, Henricus G. W.",Geranium plant named 'Sanlilac',PLT/332,08/572561,PP09802,2/11/1997,http://www.lib.umd.edu/plantpatents/binaries/09800/pp09802.pdf,http://patft.uspto.gov/netacgi/nph-Parser?patentnumber=PP9802,1,2015-04-20T10:27:54Z,geranium,,1997,PP09802 -- Geranium plant named 'Sanlilac'
790,"Stemkens, Henricus G. W.",Geranium plant named 'Sanred',PLT/332,08/572832,PP09803,2/11/1997,http://www.lib.umd.edu/plantpatents/binaries/09800/pp09803.pdf,http://patft.uspto.gov/netacgi/nph-Parser?patentnumber=PP9803,1,2015-04-20T10:28:14Z,geranium,,1997,PP09803 -- Geranium plant named 'Sanred'
791,"Holmes, James M.",'Ala' St. Augustinegrass,PLT/392,08/512277,PP09804,2/11/1997,http://www.lib.umd.edu/plantpatents/binaries/09800/pp09804.pdf,http://patft.uspto.gov/netacgi/nph-Parser?patentnumber=PP9804,2,2015-04-20T10:28:38Z,st. augustine grass,,1997,PP09804 -- 'Ala' St. Augustinegrass
792,"van der Meer, Peter J. A.",Hybrid Tea rose plant named 'Seltantalium',PLT/130,08/591387,PP09805,2/18/1997,http://www.lib.umd.edu/plantpatents/binaries/09800/pp09805.pdf,http://patft.uspto.gov/netacgi/nph-Parser?patentnumber=PP9805,2,2015-04-20T10:29:26Z,rose,,1997,PP09805 -- Hybrid Tea rose plant named 'Seltantalium'
793,"van der Meer, Peter J. A.",Hybrid Tea rose plant named 'Selbarium',PLT/130,08/591389,PP09806,2/18/1997,http://www.lib.umd.edu/plantpatents/binaries/09800/pp09806.pdf,http://patft.uspto.gov/netacgi/nph-Parser?patentnumber=PP9806,2,2015-04-20T10:29:52Z,rose,,1997,PP09806 -- Hybrid Tea rose plant named 'Selbarium'
794,"van der Meer, Peter J. A.",Hybrid Tea rose plant named 'Selantimoon',PLT/137,08/591386,PP09807,2/18/1997,http://www.lib.umd.edu/plantpatents/binaries/09800/pp09807.pdf,http://patft.uspto.gov/netacgi/nph-Parser?patentnumber=PP9807,2,2015-04-20T10:30:26Z,rose,,1997,PP09807 -- Hybrid Tea rose plant named 'Selantimoon'
795,"van der Meer, Peter J. A.",Hybrid Tea rose plant named 'Selgallia',PLT/137,D/591388,PP09808,2/18/1997,http://www.lib.umd.edu/plantpatents/binaries/09800/pp09808.pdf,http://patft.uspto.gov/netacgi/nph-Parser?patentnumber=PP9808,2,2015-04-20T10:30:52Z,rose,,1997,PP09808 -- Hybrid Tea rose plant named 'Selgallia'
796,"VandenBerg, Cornelis P.",Chrysanthemum plant named 'Felicia',PLT/286,08/609493,PP09809,2/25/1997,http://www.lib.umd.edu/plantpatents/binaries/09800/pp09809.pdf,http://patft.uspto.gov/netacgi/nph-Parser?patentnumber=PP9809,1,2015-04-20T10:31:38Z,chrysanthemum,"One color, two black&white",1997,PP09809 -- Chrysanthemum plant named 'Felicia'
797,"VandenBerg, Cornelis P.",Chrysanthemum plant named 'Sonata',PLT/288,08/547756,PP09810,2/25/1997,http://www.lib.umd.edu/plantpatents/binaries/09800/pp09810.pdf,http://patft.uspto.gov/netacgi/nph-Parser?patentnumber=PP9810,1,2015-04-20T10:33:34Z,chrysanthemum,"One color, two black&white",1997,PP09810 -- Chrysanthemum plant named 'Sonata'
798,"VandenBerg, Cornelis P.",Chrysanthemum plant named 'Brisa',PLT/288,08/615799,PP09811,2/25/1997,http://www.lib.umd.edu/plantpatents/binaries/09800/pp09811.pdf,http://patft.uspto.gov/netacgi/nph-Parser?patentnumber=PP9811,1,2015-04-20T10:34:04Z,chrysanthemum,,1997,PP09811 -- Chrysanthemum plant named 'Brisa'
799,"VandenBerg, Cornelis P.",Chrysanthemum plant named 'York',PLT/295,08/608623,PP09812,2/25/1997,http://www.lib.umd.edu/plantpatents/binaries/09800/pp09812.pdf,http://patft.uspto.gov/netacgi/nph-Parser?patentnumber=PP9812,1,2015-04-20T10:34:32Z,chrysanthemum,"One color, two black&white",1997,PP09812 -- Chrysanthemum plant named 'York'
800,"Stemkens, Henricus G. W.",Germanium plant named 'Sanwhite',PLT/332,08/571308,PP09813,2/25/1997,http://www.lib.umd.edu/plantpatents/binaries/09800/pp09813.pdf,http://patft.uspto.gov/netacgi/nph-Parser?patentnumber=PP9813,1,2015-04-20T10:34:58Z,germanium,,1997,PP09813 -- Germanium plant named 'Sanwhite'
801,"Zaandam, Diana",Ixora plant--'Diora',PLT/226,08/551487,PP09814,3/4/1997,http://www.lib.umd.edu/plantpatents/binaries/09800/pp09814.pdf,http://patft.uspto.gov/netacgi/nph-Parser?patentnumber=PP9814,1,2015-04-20T10:37:46Z,ixora,,1997,PP09814 -- Ixora plant--'Diora'
802,"Bourke, Janet E. et al.",Campanula plant named Chettle Charm,PLT/414,08/544696,PP09815,3/4/1997,http://www.lib.umd.edu/plantpatents/binaries/09800/pp09815.pdf,http://patft.uspto.gov/netacgi/nph-Parser?patentnumber=PP9815,2,2015-04-20T10:38:30Z,campanula,,1997,PP09815 -- Campanula plant named Chettle Charm
803,"VandenBerg, Cornelis P.",Chrysanthemum plant named 'Fidelio',PLT/288,08/616653,PP09816,3/4/1997,http://www.lib.umd.edu/plantpatents/binaries/09800/pp09816.pdf,http://patft.uspto.gov/netacgi/nph-Parser?patentnumber=PP9816,1,2015-04-20T10:39:00Z,chrysanthemum,"One color, two black&white",1997,PP09816 -- Chrysanthemum plant named 'Fidelio'
804,"VandenBerg, Cornelis P.",Chrysanthemum plant named 'Janice',PLT/289,08/609491,PP09817,3/4/1997,http://www.lib.umd.edu/plantpatents/binaries/09800/pp09817.pdf,http://patft.uspto.gov/netacgi/nph-Parser?patentnumber=PP9817,1,2015-04-20T10:39:28Z,chrysanthemum,"One color, two black&white",1997,PP09817 -- Chrysanthemum plant named 'Janice'
805,"VandenBerg, Cornelis P.",Chrysanthemum plant named 'Laurie',PLT/289,08/609492,PP09818,3/4/1997,http://www.lib.umd.edu/plantpatents/binaries/09800/pp09818.pdf,http://patft.uspto.gov/netacgi/nph-Parser?patentnumber=PP9818,1,2015-04-20T10:39:56Z,chrysanthemum,"One color, two black&white",1997,PP09818 -- Chrysanthemum plant named 'Laurie'
806,"Leighfield, William",Poinsetta plant named 'Marble Sails',PLT/303,08/534202,PP09819,3/4/1997,http://www.lib.umd.edu/plantpatents/binaries/09800/pp09819.pdf,http://patft.uspto.gov/netacgi/nph-Parser?patentnumber=PP9819,1,2015-04-20T10:40:32Z,poinsettia,,1997,PP09819 -- Poinsetta plant named 'Marble Sails'
807,"De Meyer, Henri",Guzmania plant named 'Red Pearl',PLT/371,08/544823,PP09820,3/4/1997,http://www.lib.umd.edu/plantpatents/binaries/09800/pp09820.pdf,http://patft.uspto.gov/netacgi/nph-Parser?patentnumber=PP9820,2,2015-04-20T10:41:00Z,guzmania,,1997,PP09820 -- Guzmania plant named 'Red Pearl'
808,"Saville, F. Harmon",Miniature rose plant named 'Savaseat',PLT/123,08/601364,PP09821,3/11/1997,http://www.lib.umd.edu/plantpatents/binaries/09800/pp09821.pdf,http://patft.uspto.gov/netacgi/nph-Parser?patentnumber=PP9821,1,2015-04-20T10:41:40Z,rose,,1997,PP09821 -- Miniature rose plant named 'Savaseat'
809,"Spira, Joel S. et al.",Asian pear tree named 'Asio 4',PLT/178,08/538201,PP09822,3/11/1997,http://www.lib.umd.edu/plantpatents/binaries/09800/pp09822.pdf,http://patft.uspto.gov/netacgi/nph-Parser?patentnumber=PP9822,3,2015-04-20T10:42:10Z,asian pear,,1997,PP09822 -- Asian pear tree named 'Asio 4'
810,"Rabb, Frederick H.",Chrysanthemum plant named 'Coral Splendor',PLT/286,08/514553,PP09823,3/11/1997,http://www.lib.umd.edu/plantpatents/binaries/09800/pp09823.pdf,http://patft.uspto.gov/netacgi/nph-Parser?patentnumber=PP9823,1,2015-04-20T10:42:26Z,chrysanthemum,,1997,PP09823 -- Chrysanthemum plant named 'Coral Splendor'
811,"VandenBerg, Cornelis P.",Chrysanthemum plant named 'Bronze Papillon',PLT/296,08/525299,PP09824,3/11/1997,http://www.lib.umd.edu/plantpatents/binaries/09800/pp09824.pdf,http://patft.uspto.gov/netacgi/nph-Parser?patentnumber=PP9824,1,2015-04-20T10:42:46Z,chrysanthemum,,1997,PP09824 -- Chrysanthemum plant named 'Bronze Papillon'
812,"VandenBerg, Cornelis P.",Chrysanthemum plant named 'Pink Papillon',PLT/297,08/525314,PP09825,3/11/1997,http://www.lib.umd.edu/plantpatents/binaries/09800/pp09825.pdf,http://patft.uspto.gov/netacgi/nph-Parser?patentnumber=PP9825,1,2015-04-20T10:43:06Z,chrysanthemum,,1997,PP09825 -- Chrysanthemum plant named 'Pink Papillon'
813,"Tas, Wim",Fern plant named 'Glowstar',PLT/379,08/517111,PP09826,3/11/1997,http://www.lib.umd.edu/plantpatents/binaries/09800/pp09826.pdf,http://patft.uspto.gov/netacgi/nph-Parser?patentnumber=PP9826,1,2015-04-20T10:43:28Z,fern,,1997,PP09826 -- Fern plant named 'Glowstar'
814,"Spira, Joel S. et al.",Asian pear tree named 'Asio 2',PLT/178,08/531183,PP09827,3/18/1997,http://www.lib.umd.edu/plantpatents/binaries/09800/pp09827.pdf,http://patft.uspto.gov/netacgi/nph-Parser?patentnumber=PP9827,3,2015-04-20T10:44:10Z,asian pear,,1997,PP09827 -- Asian pear tree named 'Asio 2'
815,"Spira, Joel S. et al.","Asian pear tree named ""asio 3""",PLT/178,08/531184,PP09828,3/18/1997,http://www.lib.umd.edu/plantpatents/binaries/09800/pp09828.pdf,http://patft.uspto.gov/netacgi/nph-Parser?patentnumber=PP9828,3,2015-04-20T10:44:36Z,asian pear,,1997,"PP09828 -- Asian pear tree named ""asio 3"""
816,"Wain, Peter",Chrysanthemum plant named 'Sunny Time',PLT/289,08/627498,PP09829,3/18/1997,http://www.lib.umd.edu/plantpatents/binaries/09800/pp09829.pdf,http://patft.uspto.gov/netacgi/nph-Parser?patentnumber=PP9829,1,2015-04-20T10:44:58Z,chrysanthemum,,1997,PP09829 -- Chrysanthemum plant named 'Sunny Time'
817,"VandenBerg, Cornelis P.",Chrysanthemum plant named 'Sunny Fargo',PLT/295,08/547659,PP09830,3/18/1997,http://www.lib.umd.edu/plantpatents/binaries/09800/pp09830.pdf,http://patft.uspto.gov/netacgi/nph-Parser?patentnumber=PP9830,1,2015-04-20T10:45:22Z,chrysanthemum,,1997,PP09830 -- Chrysanthemum plant named 'Sunny Fargo'
818,"Leighfield, William",Poinsettia plant named 'Pink Sails',PLT/306,08/534028,PP09831,3/18/1997,http://www.lib.umd.edu/plantpatents/binaries/09800/pp09831.pdf,http://patft.uspto.gov/netacgi/nph-Parser?patentnumber=PP9831,1,2015-04-20T10:45:42Z,poinsettia,,1997,PP09831 -- Poinsettia plant named 'Pink Sails'
819,"van der Knaap, Wim",Ficus variety named 'Bushy King',PLT/211,08/550016,PP09832,3/18/1997,http://www.lib.umd.edu/plantpatents/binaries/09800/pp09832.pdf,http://patft.uspto.gov/netacgi/nph-Parser?patentnumber=PP9832,1,2015-04-20T10:46:04Z,ficus,,1997,PP09832 -- Ficus variety named 'Bushy King'
820,"Marciel, Stanley G. et al.",Hybrid tea rose variety named 'Devcal',PLT/133,08/415172,PP09833,3/25/1997,http://www.lib.umd.edu/plantpatents/binaries/09800/pp09833.pdf,http://patft.uspto.gov/netacgi/nph-Parser?patentnumber=PP9833,1,2015-04-20T10:46:54Z,rose,,1997,PP09833 -- Hybrid tea rose variety named 'Devcal'
821,"Lyrene, Paul",Blueberry plant called 'Southmoon',PLT/157,08/527753,PP09834,3/25/1997,http://www.lib.umd.edu/plantpatents/binaries/09800/pp09834.pdf,http://patft.uspto.gov/netacgi/nph-Parser?patentnumber=PP9834,1,2015-04-20T10:47:18Z,blueberry,,1997,PP09834 -- Blueberry plant called 'Southmoon'
822,"Spira, Joel S. et al.",Asian pear tree named 'Asio 1',PLT/178,08/531185,PP09835,3/25/1997,http://www.lib.umd.edu/plantpatents/binaries/09800/pp09835.pdf,http://patft.uspto.gov/netacgi/nph-Parser?patentnumber=PP9835,3,2015-04-20T10:47:44Z,asian pear,,1997,PP09835 -- Asian pear tree named 'Asio 1'
823,"Wuhl, Eric",Matinee plum tree,PLT/184,08/582287,PP09836,3/25/1997,http://www.lib.umd.edu/plantpatents/binaries/09800/pp09836.pdf,http://patft.uspto.gov/netacgi/nph-Parser?patentnumber=PP9836,1,2015-04-20T10:48:06Z,plum,,1997,PP09836 -- Matinee plum tree
824,"Roberson, Robert J.",Lantana plant 'Robcomplan',PLT/227,08/576493,PP09837,3/25/1997,http://www.lib.umd.edu/plantpatents/binaries/09800/pp09837.pdf,http://patft.uspto.gov/netacgi/nph-Parser?patentnumber=PP9837,2,2015-04-20T10:48:28Z,lantana,,1997,PP09837 -- Lantana plant 'Robcomplan'
825,"Bost, Georgia A.",Hibiscus plant named 'Bost Hybrid No. 4',PLT/257,08/539027,PP09838,3/25/1997,http://www.lib.umd.edu/plantpatents/binaries/09800/pp09838.pdf,http://patft.uspto.gov/netacgi/nph-Parser?patentnumber=PP9838,1,2015-04-20T10:48:50Z,hibiscus,,1997,PP09838 -- Hibiscus plant named 'Bost Hybrid No. 4'
826,"Drewlow, Lyndon W.",Kalanchoe plant named Empress,PLT/341,08/489715,PP09839,3/25/1997,http://www.lib.umd.edu/plantpatents/binaries/09800/pp09839.pdf,http://patft.uspto.gov/netacgi/nph-Parser?patentnumber=PP9839,1,2015-04-20T10:49:10Z,kalanchoe,,1997,PP09839 -- Kalanchoe plant named Empress
827,"Lamb, Ann E.",Calathea plant named 'Saturn',PLT/375,08/548870,PP09840,3/25/1997,http://www.lib.umd.edu/plantpatents/binaries/09800/pp09840.pdf,http://patft.uspto.gov/netacgi/nph-Parser?patentnumber=PP9840,1,2015-04-20T10:49:34Z,calathea,,1997,PP09840 -- Calathea plant named 'Saturn'
828,"Edwards, Mack H.",Peach tree named 'Edwards Ambrosia',PLT/196,08/529034,PP09841,4/1/1997,http://www.lib.umd.edu/plantpatents/binaries/09800/pp09841.pdf,http://patft.uspto.gov/netacgi/nph-Parser?patentnumber=PP9841,4,2015-04-20T10:50:30Z,peach,,1997,PP09841 -- Peach tree named 'Edwards Ambrosia'
829,"Zaiger, Chris F. et al.",Peach tree 'Earlitreat',PLT/197,08/523532,PP09842,4/1/1997,http://www.lib.umd.edu/plantpatents/binaries/09800/pp09842.pdf,http://patft.uspto.gov/netacgi/nph-Parser?patentnumber=PP9842,1,2015-04-20T10:50:54Z,peach,,1997,PP09842 -- Peach tree 'Earlitreat'
830,"Van Koeveringe, John A.",Chrysanthemum plant named 'Spring Delano',PLT/287,08/512012,PP09843,4/1/1997,http://www.lib.umd.edu/plantpatents/binaries/09800/pp09843.pdf,http://patft.uspto.gov/netacgi/nph-Parser?patentnumber=PP9843,1,2015-04-20T10:51:16Z,chrysanthemum,,1997,PP09843 -- Chrysanthemum plant named 'Spring Delano'
831,"VandenBerg, Cornelis P.",Chrysanthemum plant named 'White Cinderella',PLT/288,08/525317,PP09844,4/1/1997,http://www.lib.umd.edu/plantpatents/binaries/09800/pp09844.pdf,http://patft.uspto.gov/netacgi/nph-Parser?patentnumber=PP9844,1,2015-04-20T10:51:36Z,chrysanthemum,,1997,PP09844 -- Chrysanthemum plant named 'White Cinderella'
832,"Polys, Susan M.",Chrysanthemum plant named 'White Cherie',PLT/294,08/523289,PP09845,4/1/1997,http://www.lib.umd.edu/plantpatents/binaries/09800/pp09845.pdf,http://patft.uspto.gov/netacgi/nph-Parser?patentnumber=PP9845,1,2015-04-20T10:51:52Z,chrysanthemum,,1997,PP09845 -- Chrysanthemum plant named 'White Cherie'
833,"Lommerse, Henry C. J.",Dahlia plant named Lizzy,PLT/321,08/260451,PP09846,4/1/1997,http://www.lib.umd.edu/plantpatents/binaries/09800/pp09846.pdf,http://patft.uspto.gov/netacgi/nph-Parser?patentnumber=PP9846,1,2015-04-20T10:52:14Z,dahlia,,1997,PP09846 -- Dahlia plant named Lizzy
834,"Riordan, Terrance P. et al.",315 Buffalograss,PLT/391,08/442845,PP09847,4/1/1997,http://www.lib.umd.edu/plantpatents/binaries/09800/pp09847.pdf,http://patft.uspto.gov/netacgi/nph-Parser?patentnumber=PP9847,1,2015-04-20T10:52:32Z,buffalograss,,1997,PP09847 -- 315 Buffalograss
835,"Meier, Virgil D. et al.",'BA-74-114' Kentucky Bluegrass,PLT/393,08/532995,PP09848,4/1/1997,http://www.lib.umd.edu/plantpatents/binaries/09800/pp09848.pdf,http://patft.uspto.gov/netacgi/nph-Parser?patentnumber=PP9848,1,2015-04-20T10:53:30Z,kentucky bluegrass,,1997,PP09848 -- 'BA-74-114' Kentucky Bluegrass
836,"Meilland, Alain A.",Floribunda rose plant named 'Meinips',PLT/141,08/544391,PP09849,4/8/1997,http://www.lib.umd.edu/plantpatents/binaries/09800/pp09849.pdf,http://patft.uspto.gov/netacgi/nph-Parser?patentnumber=PP9849,1,2015-04-20T10:54:12Z,rose,,1997,PP09849 -- Floribunda rose plant named 'Meinips'
837,"Friday, Paul J.",Peach tree 'P.F. 5B',PLT/197,08/585712,PP09850,4/8/1997,http://www.lib.umd.edu/plantpatents/binaries/09800/pp09850.pdf,http://patft.uspto.gov/netacgi/nph-Parser?patentnumber=PP9850,1,2015-04-20T10:54:32Z,peach,,1997,PP09850 -- Peach tree 'P.F. 5B'
838,"Bost, Georgia A.",Hibiscus plant named 'Bost Hybrid No. 3',PLT/257,08/519843,PP09851,4/8/1997,http://www.lib.umd.edu/plantpatents/binaries/09800/pp09851.pdf,http://patft.uspto.gov/netacgi/nph-Parser?patentnumber=PP9851,1,2015-04-20T10:54:50Z,hibiscus,,1997,PP09851 -- Hibiscus plant named 'Bost Hybrid No. 3'
839,"Bost, Georgia A.",Hibiscus plant named 'Bost Hybrid No. 2',PLT/257,08/539026,PP09852,4/8/1997,http://www.lib.umd.edu/plantpatents/binaries/09800/pp09852.pdf,http://patft.uspto.gov/netacgi/nph-Parser?patentnumber=PP9852,2,2015-04-20T10:55:20Z,hibiscus,,1997,PP09852 -- Hibiscus plant named 'Bost Hybrid No. 2'
840,"Vandenberg, Cornelis P.",Chrysanthemum plant named 'Golden Kent',PLT/289,08/547402,PP09853,4/8/1997,http://www.lib.umd.edu/plantpatents/binaries/09800/pp09853.pdf,http://patft.uspto.gov/netacgi/nph-Parser?patentnumber=PP9853,1,2015-04-20T10:55:44Z,chrysanthemum,,1997,PP09853 -- Chrysanthemum plant named 'Golden Kent'
841,"Dummen, Gunter",Poinsettia plant named HWD Spotlight,PLT/307,08/516463,PP09854,4/8/1997,http://www.lib.umd.edu/plantpatents/binaries/09800/pp09854.pdf,http://patft.uspto.gov/netacgi/nph-Parser?patentnumber=PP9854,1,2015-04-20T10:56:04Z,poinsettia,,1997,PP09854 -- Poinsettia plant named HWD Spotlight
842,"Rotolante, Denis W.",Anthurium 'Rotolante Number 2',PLT/369,08/403202,PP09855,4/8/1997,http://www.lib.umd.edu/plantpatents/binaries/09800/pp09855.pdf,http://patft.uspto.gov/netacgi/nph-Parser?patentnumber=PP9855,1,2015-04-20T10:56:24Z,anthurium,,1997,PP09855 -- Anthurium 'Rotolante Number 2'
843,"van Geest, Jan",Ficus variety named 'Midnight',PLT/211,08/507751,PP09856,4/8/1997,http://www.lib.umd.edu/plantpatents/binaries/09800/pp09856.pdf,http://patft.uspto.gov/netacgi/nph-Parser?patentnumber=PP9856,3,2015-04-20T10:56:56Z,ficus,,1997,PP09856 -- Ficus variety named 'Midnight'
844,"Nies, Marvin L.",Cherry tree 'Firm Red',PLT/181,08/520209,PP09857,4/15/1997,http://www.lib.umd.edu/plantpatents/binaries/09800/pp09857.pdf,http://patft.uspto.gov/netacgi/nph-Parser?patentnumber=PP9857,1,2015-04-21T13:26:06Z,cherry,,1997,PP09857 -- Cherry tree 'Firm Red'
845,"Zaiger, Chris F. et al.","Plum tree ""Hiromi Red""",PLT/184,08/585725,PP09858,4/15/1997,http://www.lib.umd.edu/plantpatents/binaries/09800/pp09858.pdf,http://patft.uspto.gov/netacgi/nph-Parser?patentnumber=PP9858,1,2015-04-21T13:26:30Z,plum,,1997,"PP09858 -- Plum tree ""Hiromi Red"""
846,"Zaiger, Chris F. et al.","Apricot tree ""Earlisunrise""",PLT/186,08/593456,PP09859,4/15/1997,http://www.lib.umd.edu/plantpatents/binaries/09800/pp09859.pdf,http://patft.uspto.gov/netacgi/nph-Parser?patentnumber=PP9859,1,2015-04-21T13:26:58Z,apricot,,1997,"PP09859 --Apricot tree ""Earlisunrise"""
847,"Zaiger, Chris F. et al.",Peach tree Super Rich,PLT/197,08/593003,PP09860,4/15/1997,http://www.lib.umd.edu/plantpatents/binaries/09800/pp09860.pdf,http://patft.uspto.gov/netacgi/nph-Parser?patentnumber=PP9860,1,2015-04-21T13:27:38Z,peach,,1997,PP09860 -- Peach tree Super Rich
848,"Moore, James N. et al.",Blackberry-- Kiowa cultivar,PLT/203,08/553962,PP09861,4/15/1997,http://www.lib.umd.edu/plantpatents/binaries/09800/pp09861.pdf,http://patft.uspto.gov/netacgi/nph-Parser?patentnumber=PP9861,2,2015-04-21T13:28:10Z,blackberry,,1997,PP09861 -- Blackberry-- Kiowa cultivar
849,"Wambach, Catherine M. et al.",Hybrid tea rose plant named 'Wamsper',PLT/139,08/579124,PP09862,4/22/1997,http://www.lib.umd.edu/plantpatents/binaries/09800/pp09862.pdf,http://patft.uspto.gov/netacgi/nph-Parser?patentnumber=PP9862,1,2015-04-21T13:28:54Z,rose,,1997,PP09862 -- Hybrid tea rose plant named 'Wamsper'
850,"Hunter, David M. et al.",'Harrow Sweet' pear,PLT/176,08/542398,PP09863,4/22/1997,http://www.lib.umd.edu/plantpatents/binaries/09800/pp09863.pdf,http://patft.uspto.gov/netacgi/nph-Parser?patentnumber=PP9863,1,2015-04-21T13:29:16Z,pear,,1997,PP09863 -- 'Harrow Sweet' pear
851,"Zaiger, Chris F. et al.","Apricot tree ""Autumn Glow""",PLT/186,08/596711,PP09864,4/22/1997,http://www.lib.umd.edu/plantpatents/binaries/09800/pp09864.pdf,http://patft.uspto.gov/netacgi/nph-Parser?patentnumber=PP9864,1,2015-04-21T13:29:42Z,apricot,,1997,"PP09864 -- Apricot tree ""Autumn Glow"""
852,"Ralli, Giuseppe et al.",Table grape named 'Ralli Seedless',PLT/205,08/520375,PP09865,4/22/1997,http://www.lib.umd.edu/plantpatents/binaries/09800/pp09865.pdf,http://patft.uspto.gov/netacgi/nph-Parser?patentnumber=PP9865,1,2015-04-21T13:30:06Z,grape,,1997,PP09865 -- Table grape named 'Ralli Seedless'
853,"Chandler, Craig K.",Strawberry plant called 'Rosa Linda',PLT/209,08/528541,PP09866,4/22/1997,http://www.lib.umd.edu/plantpatents/binaries/09800/pp09866.pdf,http://patft.uspto.gov/netacgi/nph-Parser?patentnumber=PP9866,1,2015-04-21T13:30:34Z,strawberry,"One color, one black&white",1997,PP09866 -- Strawberry plant called 'Rosa Linda'
854,"Westhoff, Wilhelm",Scaevola plant named Fancy,PLT/363,08/592657,PP09867,4/22/1997,http://www.lib.umd.edu/plantpatents/binaries/09800/pp09867.pdf,http://patft.uspto.gov/netacgi/nph-Parser?patentnumber=PP9867,2,2015-04-21T13:31:12Z,scaevola,,1997,PP09867 -- Scaevola plant named Fancy
855,"Wain, Peter",Chrysanthemum plant named 'Jingle Time',PLT/286,08/627457,PP09868,4/22/1997,http://www.lib.umd.edu/plantpatents/binaries/09800/pp09868.pdf,http://patft.uspto.gov/netacgi/nph-Parser?patentnumber=PP9868,1,2015-04-21T13:31:34Z,chrysanthemum,,1997,PP09868 -- Chrysanthemum plant named 'Jingle Time'
856,"Wain, Peter",Chrysanthemum plant named 'Pink View Time',PLT/287,08/629371,PP09869,4/22/1997,http://www.lib.umd.edu/plantpatents/binaries/09800/pp09869.pdf,http://patft.uspto.gov/netacgi/nph-Parser?patentnumber=PP9869,1,2015-04-21T13:32:06Z,chrysanthemum,,1997,PP09869 -- Chrysanthemum plant named 'Pink View Time'
857,"Wain, Peter",Chrysanthemum plant named 'Noon Time',PLT/295,08/627458,PP09870,4/22/1997,http://www.lib.umd.edu/plantpatents/binaries/09800/pp09870.pdf,http://patft.uspto.gov/netacgi/nph-Parser?patentnumber=PP9870,1,2015-04-21T13:32:28Z,chrysanthemum,,1997,PP09870 -- Chrysanthemum plant named 'Noon Time'
858,"Sherman, Wayne B.","Nectarine tree called ""Sunmist""",PLT/189,08/303036,PP09871,4/29/1997,http://www.lib.umd.edu/plantpatents/binaries/09800/pp09871.pdf,http://patft.uspto.gov/netacgi/nph-Parser?patentnumber=PP9871,3,2015-04-21T13:33:12Z,nectarine,,1997,"PP09871 -- Nectarine tree called ""Sunmist"""
859,"Zaiger, Chris F. et al.","Peach tree ""Autumn Snow""",PLT/196,08/599124,PP09872,4/29/1997,http://www.lib.umd.edu/plantpatents/binaries/09800/pp09872.pdf,http://patft.uspto.gov/netacgi/nph-Parser?patentnumber=PP9872,1,2015-04-21T13:33:38Z,peach,,1997,"PP09872 -- Peach tree ""Autumn Snow"""
860,"Zaiger, Chris F. et al.",Peach tree 'Snow Prince',PLT/195,08/605259,PP09873,4/29/1997,http://www.lib.umd.edu/plantpatents/binaries/09800/pp09873.pdf,http://patft.uspto.gov/netacgi/nph-Parser?patentnumber=PP9873,1,2015-04-21T13:34:00Z,peach,,1997,PP09873 -- Peach tree 'Snow Prince'
861,"Lenz, Louis M.",Potentilla fruticosa plant named 'Pink Beauty',PLT/237,08/563891,PP09874,4/29/1997,http://www.lib.umd.edu/plantpatents/binaries/09800/pp09874.pdf,http://patft.uspto.gov/netacgi/nph-Parser?patentnumber=PP9874,2,2015-04-21T13:34:24Z,potentilla,,1997,PP09874 -- Potentilla fruticosa plant named 'Pink Beauty'
862,"Smith, Kenneth E. et al.",Coreopsis plant named Tequila Sunrise,PLT/417,08/592160,PP09875,4/29/1997,http://www.lib.umd.edu/plantpatents/binaries/09800/pp09875.pdf,http://patft.uspto.gov/netacgi/nph-Parser?patentnumber=PP9875,3,2015-04-21T13:34:52Z,coreopsis,,1997,PP09875 -- Coreopsis plant named Tequila Sunrise
863,"Wain, Peter",Chrysanthemum plant named 'Ruby Lady',PLT/287,08/629370,PP09876,4/29/1997,http://www.lib.umd.edu/plantpatents/binaries/09800/pp09876.pdf,http://patft.uspto.gov/netacgi/nph-Parser?patentnumber=PP9876,1,2015-04-21T13:35:14Z,chrysanthemum,,1997,PP09876 -- Chrysanthemum plant named 'Ruby Lady'
864,"Jacobsen, deceased, Peter",Poinsettia plant Peterstar Marble,PLT/303,08/502422,PP09877,4/29/1997,http://www.lib.umd.edu/plantpatents/binaries/09800/pp09877.pdf,http://patft.uspto.gov/netacgi/nph-Parser?patentnumber=PP9877,1,2015-04-21T13:35:36Z,poinsettia,,1997,PP09877 -- Poinsettia plant Peterstar Marble
865,"Jacobsen, deceased, Peter",Poinsettia plant peterstar white,PLT/304,08/500767,PP09878,4/29/1997,http://www.lib.umd.edu/plantpatents/binaries/09800/pp09878.pdf,http://patft.uspto.gov/netacgi/nph-Parser?patentnumber=PP9878,1,2015-04-21T13:35:56Z,poinsettia,,1997,PP09878 -- Poinsettia plant peterstar white
866,"Jacobsen, deceased, Peter",Poinsettia plant Peterstar Pink,PLT/306,08/500486,PP09879,4/29/1997,http://www.lib.umd.edu/plantpatents/binaries/09800/pp09879.pdf,http://patft.uspto.gov/netacgi/nph-Parser?patentnumber=PP9879,1,2015-04-21T13:36:16Z,poinsettia,,1997,PP09879 -- Poinsettia plant Peterstar Pink
867,"Hayashi, Calvin K.",Anthurium plant named Jasmine,PLT/366,08/567744,PP09880,4/29/1997,http://www.lib.umd.edu/plantpatents/binaries/09800/pp09880.pdf,http://patft.uspto.gov/netacgi/nph-Parser?patentnumber=PP9880,2,2015-04-21T13:36:46Z,anthurium,,1997,PP09880 -- Anthurium plant named Jasmine
868,"Janick, Jules et al.",Apple tree 'Co-op 32',PLT/172,08/293700,PP09881,5/6/1997,http://www.lib.umd.edu/plantpatents/binaries/09800/pp09881.pdf,http://patft.uspto.gov/netacgi/nph-Parser?patentnumber=PP9881,1,2015-04-21T13:37:26Z,apple,"One color, one black&white",1997,PP09881 -- Apple tree 'Co-op 32'
869,"Zaiger, Chris F. et al.",Peach tree Snow Bride,PLT/195,08/586003,PP09882,5/6/1997,http://www.lib.umd.edu/plantpatents/binaries/09800/pp09882.pdf,http://patft.uspto.gov/netacgi/nph-Parser?patentnumber=PP9882,1,2015-04-21T13:37:46Z,peach,,1997,PP09882 -- Peach tree Snow Bride
870,"Zaiger, Chris F. et al.",Peach tree 'Spring Snow',PLT/195,08/599465,PP09883,5/6/1997,http://www.lib.umd.edu/plantpatents/binaries/09800/pp09883.pdf,http://patft.uspto.gov/netacgi/nph-Parser?patentnumber=PP9883,1,2015-04-21T13:38:14Z,peach,,1997,PP09883 -- Peach tree 'Spring Snow'
871,"Bessho, Masao et al.",Petunia plant named 'Liricashower Rose',PLT/356.22,08/585850,PP09884,5/6/1997,http://www.lib.umd.edu/plantpatents/binaries/09800/pp09884.pdf,http://patft.uspto.gov/netacgi/nph-Parser?patentnumber=PP9884,2,2015-04-21T13:38:42Z,petunia,,1997,PP09884 -- Petunia plant named 'Liricashower Rose'
872,"Bessho, Masao et al.",Petunia plant named 'Liricashower Blue',PLT/356.2,08/585887,PP09885,5/6/1997,http://www.lib.umd.edu/plantpatents/binaries/09800/pp09885.pdf,http://patft.uspto.gov/netacgi/nph-Parser?patentnumber=PP9885,2,2015-04-21T13:39:04Z,petunia,,1997,PP09885 -- Petunia plant named 'Liricashower Blue'
873,"Leighfield, William",Poinsettia plant named 'White Sails',PLT/304,08/534193,PP09886,5/6/1997,http://www.lib.umd.edu/plantpatents/binaries/09800/pp09886.pdf,http://patft.uspto.gov/netacgi/nph-Parser?patentnumber=PP9886,1,2015-04-21T13:39:46Z,poinsettia,,1997,PP09886 -- Poinsettia plant named 'White Sails'
874,"Guillou, Bernard",Geranium plant named 'Guirac',PLT/332,08/592238,PP09887,5/6/1997,http://www.lib.umd.edu/plantpatents/binaries/09800/pp09887.pdf,http://patft.uspto.gov/netacgi/nph-Parser?patentnumber=PP9887,3,2015-04-21T13:40:14Z,geranium,,1997,PP09887 -- Geranium plant named 'Guirac'
875,"Brown, Richard M. et al.",Champion dwarf hybrid Bermudagrass,PLT/389,08/539122,PP09888,5/6/1997,http://www.lib.umd.edu/plantpatents/binaries/09800/pp09888.pdf,http://patft.uspto.gov/netacgi/nph-Parser?patentnumber=PP9888,9,2015-04-21T13:41:08Z,bermudagrass,"Nine color, two black&white",1997,PP09888 -- Champion dwarf hybrid Bermudagrass
876,"Anderson, Malcolm M.",Black Currant plant named 'Ben Alder',PLT/156,08/600222,PP09889,5/13/1997,http://www.lib.umd.edu/plantpatents/binaries/09800/pp09889.pdf,http://patft.uspto.gov/netacgi/nph-Parser?patentnumber=PP9889,2,2015-04-21T13:41:44Z,black currant,,1997,PP09889 -- Black Currant plant named 'Ben Alder'
877,"Ledbetter, Craig A. et al.",Apricot cv. Robada,PLT/186,08/502516,PP09890,5/13/1997,http://www.lib.umd.edu/plantpatents/binaries/09800/pp09890.pdf,http://patft.uspto.gov/netacgi/nph-Parser?patentnumber=PP9890,1,2015-04-21T13:42:12Z,apricot,,1997,PP09890 -- Apricot cv. Robada
878,"Glicenstein, Leon",Chrysanthemum plant named 'Bold Christine',PLT/293,08/605820,PP09891,5/13/1997,http://www.lib.umd.edu/plantpatents/binaries/09800/pp09891.pdf,http://patft.uspto.gov/netacgi/nph-Parser?patentnumber=PP9891,1,2015-04-21T13:42:40Z,chrysanthemum,,1997,PP09891 -- Chrysanthemum plant named 'Bold Christine'
879,"Glicenstein, Leon",Chrysanthemum plant named 'Foxy Valerie',PLT/293,08/606036,PP09892,5/13/1997,http://www.lib.umd.edu/plantpatents/binaries/09800/pp09892.pdf,http://patft.uspto.gov/netacgi/nph-Parser?patentnumber=PP9892,1,2015-04-21T13:43:06Z,chrysanthemum,,1997,PP09892 -- Chrysanthemum plant named 'Foxy Valerie'
880,"Walters, deceased, Ernest",Variety of geranium named 'Jane',PLT/331,08/545378,PP09893,5/13/1997,http://www.lib.umd.edu/plantpatents/binaries/09800/pp09893.pdf,http://patft.uspto.gov/netacgi/nph-Parser?patentnumber=PP9893,1,2015-04-21T13:43:32Z,geranium,,1997,PP09893 -- Variety of geranium named 'Jane'
881,"Vanderlaan, Dan H.",Syngonium plant named 'Bob White',PLT/374,08/581484,PP09894,5/13/1997,http://www.lib.umd.edu/plantpatents/binaries/09800/pp09894.pdf,http://patft.uspto.gov/netacgi/nph-Parser?patentnumber=PP9894,2,2015-04-21T13:43:58Z,syngonium,,1997,PP09894 -- Syngonium plant named 'Bob White'
882,"Friday, Paul J.",Peach tree 'P.F. 24-007',PLT/198,08/585913,PP09895,5/20/1997,http://www.lib.umd.edu/plantpatents/binaries/09800/pp09895.pdf,http://patft.uspto.gov/netacgi/nph-Parser?patentnumber=PP9895,1,2015-04-21T13:44:40Z,peach,,1997,PP09895 -- Peach tree 'P.F. 24-007'
883,"Roberson, Robert J.",Canna plant named 'Roblibsca',PLT/415,08/576341,PP09896,5/20/1997,http://www.lib.umd.edu/plantpatents/binaries/09800/pp09896.pdf,http://patft.uspto.gov/netacgi/nph-Parser?patentnumber=PP9896,1,2015-04-21T13:45:08Z,canna,,1997,PP09896 -- Canna plant named 'Roblibsca'
884,"Perry, Patricia G.",Osteospermum plant named 'Stardust',PLT/360,08/582692,PP09897,5/20/1997,http://www.lib.umd.edu/plantpatents/binaries/09800/pp09897.pdf,http://patft.uspto.gov/netacgi/nph-Parser?patentnumber=PP9897,1,2015-04-21T13:45:30Z,osteospermum,,1997,PP09897 -- Osteospermum plant named 'Stardust'
885,"Plate, Renate",Anthurium plant named Franziska,PLT/369,08/560473,PP09898,5/20/1997,http://www.lib.umd.edu/plantpatents/binaries/09800/pp09898.pdf,http://patft.uspto.gov/netacgi/nph-Parser?patentnumber=PP9898,1,2015-04-21T13:45:54Z,anthurium,,1997,PP09898 -- Anthurium plant named Franziska
886,"Plate, Renate",Anthurium plant named Dolly,PLT/369,08/563606,PP09899,5/20/1997,http://www.lib.umd.edu/plantpatents/binaries/09800/pp09899.pdf,http://patft.uspto.gov/netacgi/nph-Parser?patentnumber=PP9899,1,2015-04-21T13:46:24Z,anthurium,,1997,PP09899 -- Anthurium plant named Dolly
887,"Plate, Renate",Anthurium plant named Molly,PLT/369,08/559949,PP09900,5/20/1997,http://www.lib.umd.edu/plantpatents/binaries/09900/pp09900.pdf,http://patft.uspto.gov/netacgi/nph-Parser?patentnumber=PP9900,1,2015-04-21T13:46:54Z,anthurium,,1997,PP09900 -- Anthurium plant named Molly
888,"Osiecki, Marian W.",Spathiphyllum plant 'S9',PLT/364,08/594689,PP09901,5/20/1997,http://www.lib.umd.edu/plantpatents/binaries/09900/pp09901.pdf,http://patft.uspto.gov/netacgi/nph-Parser?patentnumber=PP9901,2,2015-04-21T13:47:20Z,spathiphyllum,,1997,PP09901 -- Spathiphyllum plant 'S9'
889,"Ackerman, Stephen M. et al.",Strawberry plant named PS-776,PLT/209,08/584221,PP09902,5/27/1997,http://www.lib.umd.edu/plantpatents/binaries/09900/pp09902.pdf,http://patft.uspto.gov/netacgi/nph-Parser?patentnumber=PP9902,2,2015-04-21T13:48:08Z,strawberry,"Two color, one black&white",1997,PP09902 -- Strawberry plant named PS-776
890,"Ackerman, Stephen M. et al.",Strawberry plant named 'PS-592',PLT/209,08/584324,PP09903,5/27/1997,http://www.lib.umd.edu/plantpatents/binaries/09900/pp09903.pdf,http://patft.uspto.gov/netacgi/nph-Parser?patentnumber=PP9903,2,2015-04-21T13:48:48Z,strawberry,"Two color, one black&white",1997,PP09903 -- Strawberry plant named 'PS-592'
891,"Glicenstein, Leon",Chrysanthemum plant named 'Blushing Christine',PLT/287,08/605611,PP09904,5/27/1997,http://www.lib.umd.edu/plantpatents/binaries/09900/pp09904.pdf,http://patft.uspto.gov/netacgi/nph-Parser?patentnumber=PP9904,1,2015-04-21T13:49:14Z,chrysanthemum,,1997,PP09904 -- Chrysanthemum plant named 'Blushing Christine'
892,"Kent, Jeffrey C.",Bromeliad plant named 'Aechmea 212',PLT/370,08/563012,PP09905,5/27/1997,http://www.lib.umd.edu/plantpatents/binaries/09900/pp09905.pdf,http://patft.uspto.gov/netacgi/nph-Parser?patentnumber=PP9905,1,2015-04-21T13:49:36Z,bromeliad,,1997,PP09905 -- Bromeliad plant named 'Aechmea 212'
893,"Jones, James E.",Black walnut tree named HPC-148,PLT/154,08/617047,PP09906,6/3/1997,http://www.lib.umd.edu/plantpatents/binaries/09900/pp09906.pdf,http://patft.uspto.gov/netacgi/nph-Parser?patentnumber=PP9906,6,2015-04-21T13:58:22Z,black walnut,"Two color, four black&white",1997,PP09906 -- Black walnut tree named HPC-148
894,"Hein, Robert J.",Apple tree: 'Hein' cultivar,PLT/161,08/590709,PP09907,6/3/1997,http://www.lib.umd.edu/plantpatents/binaries/09900/pp09907.pdf,http://patft.uspto.gov/netacgi/nph-Parser?patentnumber=PP9907,7,2015-04-21T14:04:20Z,apple,,1997,PP09907 -- Apple tree: 'Hein' cultivar
895,"Zaiger, Chris F. et al.","Nectarine tree ""Arctic Jay""",PLT/189,08/615521,PP09908,6/3/1997,http://www.lib.umd.edu/plantpatents/binaries/09900/pp09908.pdf,http://patft.uspto.gov/netacgi/nph-Parser?patentnumber=PP9908,1,2015-04-21T14:05:48Z,nectarine,,1997,"PP09908 -- Nectarine tree ""Arctic Jay"""
896,"Ackerman, Stephen M. et al.",Strawberry plant named 'PS-1031',PLT/209,08/584222,PP09909,6/3/1997,http://www.lib.umd.edu/plantpatents/binaries/09900/pp09909.pdf,http://patft.uspto.gov/netacgi/nph-Parser?patentnumber=PP9909,4,2015-04-21T14:06:52Z,strawberry,"Three color, one black&white",1997,PP09909 -- Strawberry plant named 'PS-1031'
897,"Bergman, Wendy R.",Azalea plant 'Cherish',PLT/239,08/583478,PP09910,6/3/1997,http://www.lib.umd.edu/plantpatents/binaries/09900/pp09910.pdf,http://patft.uspto.gov/netacgi/nph-Parser?patentnumber=PP9910,1,2015-04-21T14:07:28Z,azalea,,1997,PP09910 -- Azalea plant 'Cherish'
898,"Bergman, Wendy R.",Azalea plant named Sachet,PLT/240,08/583477,PP09911,6/3/1997,http://www.lib.umd.edu/plantpatents/binaries/09900/pp09911.pdf,http://patft.uspto.gov/netacgi/nph-Parser?patentnumber=PP9911,1,2015-04-21T14:07:50Z,azalea,,1997,PP09911 -- Azalea plant named Sachet
899,"Wain, Peter",Chrysanthemum plant named 'Regal About Time',PLT/287,08/627389,PP09912,6/3/1997,http://www.lib.umd.edu/plantpatents/binaries/09900/pp09912.pdf,http://patft.uspto.gov/netacgi/nph-Parser?patentnumber=PP9912,1,2015-04-21T14:08:16Z,chrysanthemum,,1997,PP09912 -- Chrysanthemum plant named 'Regal About Time'
900,"Zeliff, Robert W.",Chrysanthemum plant named 'Copper Charm',PLT/290,08/632133,PP09913,6/3/1997,http://www.lib.umd.edu/plantpatents/binaries/09900/pp09913.pdf,http://patft.uspto.gov/netacgi/nph-Parser?patentnumber=PP9913,1,2015-04-21T14:08:48Z,chrysanthemum,,1997,PP09913 -- Chrysanthemum plant named 'Copper Charm'
901,"Rabb, Frederick H.",Chrysanthemum plant named 'Cherry Davis',PLT/298,08/632132,PP09914,6/3/1997,http://www.lib.umd.edu/plantpatents/binaries/09900/pp09914.pdf,http://patft.uspto.gov/netacgi/nph-Parser?patentnumber=PP9914,1,2015-04-21T14:09:10Z,chrysanthemum,,1997,PP09914 -- Chrysanthemum plant named 'Cherry Davis'
902,"Delbard, Guy",Hybrid tea rose plant named 'Delego',PLT/140,08/643040,PP09915,6/10/1997,http://www.lib.umd.edu/plantpatents/binaries/09900/pp09915.pdf,http://patft.uspto.gov/netacgi/nph-Parser?patentnumber=PP9915,1,2015-04-21T14:10:04Z,rose,,1997,PP09915 -- Hybrid tea rose plant named 'Delego'
903,"Gargiulo, Angel A.",'552' Grapevine,PLT/205,08/517779,PP09916,6/10/1997,http://www.lib.umd.edu/plantpatents/binaries/09900/pp09916.pdf,http://patft.uspto.gov/netacgi/nph-Parser?patentnumber=PP9916,1,2015-04-21T14:10:28Z,grape,,1997,PP09916 -- '552' Grapevine
904,"Wain, Peter",Chrysanthemum plant named 'Royal Anytime',PLT/286,08/647287,PP09917,6/10/1997,http://www.lib.umd.edu/plantpatents/binaries/09900/pp09917.pdf,http://patft.uspto.gov/netacgi/nph-Parser?patentnumber=PP9917,1,2015-04-21T14:10:56Z,chrysanthemum,,1997,PP09917 -- Chrysanthemum plant named 'Royal Anytime'
905,"Wain, Peter",Chrysanthemum plant named 'Ivory Fashion Time',PLT/288,08/627462,PP09918,6/10/1997,http://www.lib.umd.edu/plantpatents/binaries/09900/pp09918.pdf,http://patft.uspto.gov/netacgi/nph-Parser?patentnumber=PP9918,1,2015-04-21T14:11:22Z,chrysanthemum,,1997,PP09918 -- Chrysanthemum plant named 'Ivory Fashion Time'
906,"Wain, Peter",Chrysanthemum plant named 'Yellow Fashion Time',PLT/289,08/661959,PP09919,6/10/1997,http://www.lib.umd.edu/plantpatents/binaries/09900/pp09919.pdf,http://patft.uspto.gov/netacgi/nph-Parser?patentnumber=PP9919,1,2015-04-21T14:11:44Z,chrysanthemum,,1997,PP09919 -- Chrysanthemum plant named 'Yellow Fashion Time'
907,"Schumann, Ingeborg et al.",Geranium plant named Fispink,PLT/332,08/532505,PP09920,6/10/1997,http://www.lib.umd.edu/plantpatents/binaries/09900/pp09920.pdf,http://patft.uspto.gov/netacgi/nph-Parser?patentnumber=PP9920,2,2015-04-21T14:12:10Z,geranium,,1997,PP09920 -- Geranium plant named Fispink
908,"Dummen, Gunter",Geranium plant named HWD Maravillia,PLT/325,08/614438,PP09921,6/10/1997,http://www.lib.umd.edu/plantpatents/binaries/09900/pp09921.pdf,http://patft.uspto.gov/netacgi/nph-Parser?patentnumber=PP9921,1,2015-04-21T14:13:02Z,geranium,,1997,PP09921 -- Geranium plant named HWD Maravillia
909,"Rabin, Mitch",Guzmania plant named 'Scarlet Knight',PLT/371,08/597042,PP09922,6/10/1997,http://www.lib.umd.edu/plantpatents/binaries/09900/pp09922.pdf,http://patft.uspto.gov/netacgi/nph-Parser?patentnumber=PP9922,3,2015-04-21T14:13:46Z,guzmania,,1997,PP09922 -- Guzmania plant named 'Scarlet Knight'
910,"van Geest, Jan",Ficus variety plant named 'Melany',PLT/211,08/582513,PP09923,6/10/1997,http://www.lib.umd.edu/plantpatents/binaries/09900/pp09923.pdf,http://patft.uspto.gov/netacgi/nph-Parser?patentnumber=PP9923,1,2015-04-21T14:14:10Z,ficus,,1997,PP09923 -- Ficus variety plant named 'Melany'
911,"Jones, James E.",Black walnut tree names STW-13,PLT/154,08/617625,PP09924,6/17/1997,http://www.lib.umd.edu/plantpatents/binaries/09900/pp09924.pdf,http://patft.uspto.gov/netacgi/nph-Parser?patentnumber=PP9924,6,2015-04-21T14:15:46Z,black walnut,"Two color, four black&white",1997,PP09924 -- Black walnut tree names STW-13
912,"Jones, James E.",Black walnut tree named HPC-120,PLT/154,08/618280,PP09925,6/17/1997,http://www.lib.umd.edu/plantpatents/binaries/09900/pp09925.pdf,http://patft.uspto.gov/netacgi/nph-Parser?patentnumber=PP9925,6,2015-04-21T14:16:22Z,black walnut,"Two color, four black&white",1997,PP09925 -- Black walnut tree named HPC-120
913,"Stravers, Lambertus J. M.",Gerbera plant named 'Termarieke',PLT/357,08/574100,PP09926,6/17/1997,http://www.lib.umd.edu/plantpatents/binaries/09900/pp09926.pdf,http://patft.uspto.gov/netacgi/nph-Parser?patentnumber=PP9926,1,2015-04-21T14:17:04Z,gerbera,,1997,PP09926 -- Gerbera plant named 'Termarieke'
914,"Fuess, Janet S.",Chrysanthemum plant named 'Empire Cabernet',PLT/287,08/670279,PP09927,6/17/1997,http://www.lib.umd.edu/plantpatents/binaries/09900/pp09927.pdf,http://patft.uspto.gov/netacgi/nph-Parser?patentnumber=PP9927,2,2015-04-21T14:17:36Z,chrysanthemum,,1997,PP09927 -- Chrysanthemum plant named 'Empire Cabernet'
915,"Noodelijk, Robert",Chrysanthemum plant named 'Sunny Reagan',PLT/295,08/642904,PP09928,6/17/1997,http://www.lib.umd.edu/plantpatents/binaries/09900/pp09928.pdf,http://patft.uspto.gov/netacgi/nph-Parser?patentnumber=PP9928,2,2015-04-21T14:18:10Z,chrysanthemum,,1997,PP09928 -- Chrysanthemum plant named 'Sunny Reagan'
916,"Noodelijk, Robert",Chrysanthemum plant named 'Dark Red Reagan',PLT/298,08/642905,PP09929,6/17/1997,http://www.lib.umd.edu/plantpatents/binaries/09900/pp09929.pdf,http://patft.uspto.gov/netacgi/nph-Parser?patentnumber=PP9929,2,2015-04-21T14:19:52Z,chrysanthemum,,1997,PP09929 -- Chrysanthemum plant named 'Dark Red Reagan'
917,"Guillou, Jacques et al.",Geranium plant named 'Guisaint',PLT/332,08/384527,PP09930,6/17/1997,http://www.lib.umd.edu/plantpatents/binaries/09900/pp09930.pdf,http://patft.uspto.gov/netacgi/nph-Parser?patentnumber=PP9930,1,2015-04-21T14:20:16Z,geranium,,1997,PP09930 -- Geranium plant named 'Guisaint'
918,"Bridges, Dennis A.",Miniature rose plant named 'Britrick',PLT/123,08/600224,PP09931,6/24/1997,http://www.lib.umd.edu/plantpatents/binaries/09900/pp09931.pdf,http://patft.uspto.gov/netacgi/nph-Parser?patentnumber=PP9931,1,2015-04-21T14:21:12Z,rose,,1997,PP09931 -- Miniature rose plant named 'Britrick'
919,"Bridges, Dennis Alston",Miniature rose plant named 'Briincog',PLT/123,08/600225,PP09932,6/24/1997,http://www.lib.umd.edu/plantpatents/binaries/09900/pp09932.pdf,http://patft.uspto.gov/netacgi/nph-Parser?patentnumber=PP9932,1,2015-04-21T14:21:42Z,rose,,1997,PP09932 -- Miniature rose plant named 'Briincog'
920,"Fuess, Janet S.",Chrysanthemum plant named 'Empire Spotlight',PLT/287,08/616645,PP09933,6/24/1997,http://www.lib.umd.edu/plantpatents/binaries/09900/pp09933.pdf,http://patft.uspto.gov/netacgi/nph-Parser?patentnumber=PP9933,3,2015-04-21T14:22:08Z,chrysanthemum,"One color, two black&white",1997,PP09933 -- Chrysanthemum plant named 'Empire Spotlight'
921,"Fuess, Janet S.",Chrysanthemum plant named 'Empire Scottsdale',PLT/290,08/670276,PP09934,6/24/1997,http://www.lib.umd.edu/plantpatents/binaries/09900/pp09934.pdf,http://patft.uspto.gov/netacgi/nph-Parser?patentnumber=PP9934,1,2015-04-21T14:22:40Z,chrysanthemum,,1997,PP09934 -- Chrysanthemum plant named 'Empire Scottsdale'
922,"Wain, Peter",Chrysanthemum plant named 'Fashion Time',PLT/291,08/627606,PP09935,6/24/1997,http://www.lib.umd.edu/plantpatents/binaries/09900/pp09935.pdf,http://patft.uspto.gov/netacgi/nph-Parser?patentnumber=PP9935,1,2015-04-21T14:23:04Z,chrysanthemum,,1997,PP09935 -- Chrysanthemum plant named 'Fashion Time'
923,"Fuess, Janet S.",Chrysanthemum plant named 'Empire Garnet',PLT/293,08/670275,PP09936,6/24/1997,http://www.lib.umd.edu/plantpatents/binaries/09900/pp09936.pdf,http://patft.uspto.gov/netacgi/nph-Parser?patentnumber=PP9936,1,2015-04-21T14:23:28Z,chrysanthemum,,1997,PP09936 -- Chrysanthemum plant named 'Empire Garnet'
924,"Zaiger, Chris Floyd et al.","Apricot tree ""Earli-Autumn""",PLT/186,08/575707,PP09937,7/1/1997,http://www.lib.umd.edu/plantpatents/binaries/09900/pp09937.pdf,http://patft.uspto.gov/netacgi/nph-Parser?patentnumber=PP9937,1,2015-04-21T14:24:10Z,apricot,,1997,"PP09937 -- Apricot tree ""Earli-Autumn"""
925,"Zaiger, Chris Floyd et al.","Peach tree ""Snow Dance""",PLT/195,08/620555,PP09938,7/1/1997,http://www.lib.umd.edu/plantpatents/binaries/09900/pp09938.pdf,http://patft.uspto.gov/netacgi/nph-Parser?patentnumber=PP9938,1,2015-04-21T14:25:20Z,peach,,1997,"PP09938 -- Peach tree ""Snow Dance"""
926,"Friday, Paul Jan",Peach tree 'P.F. 27A',PLT/198,08/572874,PP09939,7/1/1997,http://www.lib.umd.edu/plantpatents/binaries/09900/pp09939.pdf,http://patft.uspto.gov/netacgi/nph-Parser?patentnumber=PP9939,1,2015-04-21T14:25:46Z,peach,,1997,PP09939 -- Peach tree 'P.F. 27A'
927,"Friday, Paul Jan",'P.F. 25' peach tree,PLT/198,08/574400,PP09940,7/1/1997,http://www.lib.umd.edu/plantpatents/binaries/09900/pp09940.pdf,http://patft.uspto.gov/netacgi/nph-Parser?patentnumber=PP9940,1,2015-04-21T14:26:12Z,peach,,1997,PP09940 -- 'P.F. 25' peach tree
928,"Jessel, Jr., Walter H.",Carnation plant variety named 'CFPC white sculpture',PLT/274,08/626478,PP09941,7/1/1997,http://www.lib.umd.edu/plantpatents/binaries/09900/pp09941.pdf,http://patft.uspto.gov/netacgi/nph-Parser?patentnumber=PP9941,1,2015-04-21T14:26:36Z,carnation,,1997,PP09941 -- Carnation plant variety named 'CFPC white sculpture'
929,"Brouwer, Wim A. J.",Spathiphyllum plant named Illusion,PLT/364,08/627460,PP09942,7/1/1997,http://www.lib.umd.edu/plantpatents/binaries/09900/pp09942.pdf,http://patft.uspto.gov/netacgi/nph-Parser?patentnumber=PP9942,1,2015-04-21T14:26:56Z,spathiphyllum,,1997,PP09942 -- Spathiphyllum plant named Illusion
930,"Cornelis, Daniel",Spathiphyllum plant named Stephanie,PLT/364,08/628952,PP09943,7/1/1997,http://www.lib.umd.edu/plantpatents/binaries/09900/pp09943.pdf,http://patft.uspto.gov/netacgi/nph-Parser?patentnumber=PP9943,1,2015-04-21T14:27:16Z,spathiphyllum,,1997,PP09943 -- Spathiphyllum plant named Stephanie
931,"Cornelis, Daniel",Spathiphyllum plant named Domino,PLT/364,08/629008,PP09944,7/1/1997,http://www.lib.umd.edu/plantpatents/binaries/09900/pp09944.pdf,http://patft.uspto.gov/netacgi/nph-Parser?patentnumber=PP9944,2,2015-04-21T14:27:40Z,spathiphyllum,,1997,PP09944 -- Spathiphyllum plant named Domino
932,"Rabin, Mitch",Guzmania plant named 'Purple Knight',PLT/371,08/597031,PP09945,7/1/1997,http://www.lib.umd.edu/plantpatents/binaries/09900/pp09945.pdf,http://patft.uspto.gov/netacgi/nph-Parser?patentnumber=PP9945,2,2015-04-21T14:28:04Z,guzmania,,1997,PP09945 -- Guzmania plant named 'Purple Knight'
933,"Jack, Brian et al.",Chamelaucium (Waxflower) plant named Painted Lady,PLT/229,08/604069,PP09946,7/8/1997,http://www.lib.umd.edu/plantpatents/binaries/09900/pp09946.pdf,http://patft.uspto.gov/netacgi/nph-Parser?patentnumber=PP9946,3,2015-04-21T14:29:30Z,chamelaucium (waxflower),,1997,PP09946 -- Chamelaucium (Waxflower) plant named Painted Lady
934,"Jessel, Jr., Walter H.",Carnation plant variety named 'CFPC Goldstrike',PLT/275,08/626533,PP09947,7/8/1997,http://www.lib.umd.edu/plantpatents/binaries/09900/pp09947.pdf,http://patft.uspto.gov/netacgi/nph-Parser?patentnumber=PP9947,1,2015-04-21T14:29:52Z,carnation,,1997,PP09947 -- Carnation plant variety named 'CFPC Goldstrike'
935,"Jessel, Jr., Walter H.",Carnation plant variety named 'CFPC Malea',PLT/276,08/626532,PP09948,7/8/1997,http://www.lib.umd.edu/plantpatents/binaries/09900/pp09948.pdf,http://patft.uspto.gov/netacgi/nph-Parser?patentnumber=PP9948,1,2015-04-21T14:30:16Z,carnation,,1997,PP09948 -- Carnation plant variety named 'CFPC Malea'
936,"VandenBerg, Cornelis P.",Chrysanthemum plant named 'Regal Volare',PLT/286,08/617184,PP09949,7/8/1997,http://www.lib.umd.edu/plantpatents/binaries/09900/pp09949.pdf,http://patft.uspto.gov/netacgi/nph-Parser?patentnumber=PP9949,2,2015-04-21T14:30:42Z,chrysanthemum,,1997,PP09949 -- Chrysanthemum plant named 'Regal Volare'
937,"Noodelijk, Robert",Chrysanthemum plant named 'Dark Splendid Reagan',PLT/286,08/646224,PP09950,7/8/1997,http://www.lib.umd.edu/plantpatents/binaries/09900/pp09950.pdf,http://patft.uspto.gov/netacgi/nph-Parser?patentnumber=PP9950,2,2015-04-21T14:31:10Z,chrysanthemum,,1997,PP09950 -- Chrysanthemum plant named 'Dark Splendid Reagan'
938,"Fruehwirth, Franz",Poinsettia plant named '725',PLT/307,08/621001,PP09951,7/8/1997,http://www.lib.umd.edu/plantpatents/binaries/09900/pp09951.pdf,http://patft.uspto.gov/netacgi/nph-Parser?patentnumber=PP9951,2,2015-04-21T14:31:46Z,poinsettia,,1997,PP09951 -- Poinsettia plant named '725'
939,"Fruehwirth, Franz",Poinsettia plant named '603',PLT/307,08/621003,PP09952,7/8/1997,http://www.lib.umd.edu/plantpatents/binaries/09900/pp09952.pdf,http://patft.uspto.gov/netacgi/nph-Parser?patentnumber=PP9952,2,2015-04-21T14:32:12Z,poinsettia,,1997,PP09952 -- Poinsettia plant named '603'
940,"Mak, Johan A.",Lilium plant named 'Ruby Flash',PLT/315,08/618476,PP09953,7/8/1997,http://www.lib.umd.edu/plantpatents/binaries/09900/pp09953.pdf,http://patft.uspto.gov/netacgi/nph-Parser?patentnumber=PP9953,1,2015-04-21T14:32:36Z,lilium,,1997,PP09953 -- Lilium plant named 'Ruby Flash'
941,"Mak, Johan A.",Lily plant 'Villanova',PLT/315,08/638465,PP09954,7/8/1997,http://www.lib.umd.edu/plantpatents/binaries/09900/pp09954.pdf,http://patft.uspto.gov/netacgi/nph-Parser?patentnumber=PP9954,1,2015-04-21T14:32:56Z,lily,,1997,PP09954 -- Lily plant 'Villanova'
942,"Bottoms, Ellsworth D. et al.",Schefflera arboricola 'PVN-1',PLT/377,08/426880,PP09955,7/8/1997,http://www.lib.umd.edu/plantpatents/binaries/09900/pp09955.pdf,http://patft.uspto.gov/netacgi/nph-Parser?patentnumber=PP9955,1,2015-04-21T14:34:04Z,schefflera,,1997,PP09955 -- Schefflera arboricola 'PVN-1'
943,"Klinger, John P.",Calathea plant named 'GA-1',PLT/375,08/526402,PP09956,7/8/1997,http://www.lib.umd.edu/plantpatents/binaries/09900/pp09956.pdf,http://patft.uspto.gov/netacgi/nph-Parser?patentnumber=PP9956,2,2015-04-21T14:34:30Z,calathea,,1997,PP09956 -- Calathea plant named 'GA-1'
944,"Brouwer, Wim A. J.",Spathiphyllum plant named Jetty,PLT/364,08/627607,PP09957,7/8/1997,http://www.lib.umd.edu/plantpatents/binaries/09900/pp09957.pdf,http://patft.uspto.gov/netacgi/nph-Parser?patentnumber=PP9957,1,2015-04-21T14:35:02Z,spathiphyllum,,1997,PP09957 -- Spathiphyllum plant named Jetty
945,"Cornelis, Daniel",Spathiphyllum plant named Max,PLT/364,08/628951,PP09958,7/8/1997,http://www.lib.umd.edu/plantpatents/binaries/09900/pp09958.pdf,http://patft.uspto.gov/netacgi/nph-Parser?patentnumber=PP9958,1,2015-04-21T14:36:14Z,spathiphyllum,,1997,PP09958 -- Spathiphyllum plant named Max
946,"Bradford, Lowell Glen et al.","Nectarine tree ""Ruby Pearl""",PLT/188,08/638834,PP09959,7/15/1997,http://www.lib.umd.edu/plantpatents/binaries/09900/pp09959.pdf,http://patft.uspto.gov/netacgi/nph-Parser?patentnumber=PP9959,1,2015-04-21T14:37:20Z,nectarine,,1997,"PP09959 -- Nectarine tree ""Ruby Pearl"""
947,"Bradford, Lowell Glen et al.",Nectarine tree 'Grand Pearl',PLT/188,08/642892,PP09960,7/15/1997,http://www.lib.umd.edu/plantpatents/binaries/09900/pp09960.pdf,http://patft.uspto.gov/netacgi/nph-Parser?patentnumber=PP9960,1,2015-04-21T14:37:46Z,nectarine,,1997,PP09960 -- Nectarine tree 'Grand Pearl'
948,"Bradford, Lowell Glen et al.",Nectarine tree 'Fire Sweet',PLT/190,08/647104,PP09961,7/15/1997,http://www.lib.umd.edu/plantpatents/binaries/09900/pp09961.pdf,http://patft.uspto.gov/netacgi/nph-Parser?patentnumber=PP9961,1,2015-04-21T14:38:08Z,nectarine,,1997,PP09961 -- Nectarine tree 'Fire Sweet'
949,"Bradford, Lowell Glen et al.",Nectarine tree 'Spring Sweet',PLT/190,08/654082,PP09962,7/15/1997,http://www.lib.umd.edu/plantpatents/binaries/09900/pp09962.pdf,http://patft.uspto.gov/netacgi/nph-Parser?patentnumber=PP9962,1,2015-04-21T14:39:00Z,nectarine,,1997,PP09962 -- Nectarine tree 'Spring Sweet'
950,"Bradford, Lowell Glen et al.","Nectarine tree ""Ruby Sweet""",PLT/190,08/654090,PP09963,7/15/1997,http://www.lib.umd.edu/plantpatents/binaries/09900/pp09963.pdf,http://patft.uspto.gov/netacgi/nph-Parser?patentnumber=PP9963,1,2015-04-21T14:39:42Z,nectarine,,1997,"PP09963 -- Nectarine tree ""Ruby Sweet"""
951,"Zaiger, Chris Floyd et al.",Peach tree 'Sweet September',PLT/198,08/637348,PP09964,7/15/1997,http://www.lib.umd.edu/plantpatents/binaries/09900/pp09964.pdf,http://patft.uspto.gov/netacgi/nph-Parser?patentnumber=PP9964,1,2015-04-21T14:40:06Z,peach,,1997,PP09964 -- Peach tree 'Sweet September'
952,"Jack, Brian et al.",Chamelaucium (waxflower) plant named 'Rosie',PLT/229,08/602177,PP09965,7/15/1997,http://www.lib.umd.edu/plantpatents/binaries/09900/pp09965.pdf,http://patft.uspto.gov/netacgi/nph-Parser?patentnumber=PP9965,3,2015-04-21T14:41:02Z,chamelaucium (waxflower),,1997,PP09965 -- Chamelaucium (waxflower) plant named 'Rosie'
953,"Jack, Brian et al.",Chamelaucium (waxflower) plant named Blondie,PLT/229,08/603731,PP09966,7/15/1997,http://www.lib.umd.edu/plantpatents/binaries/09900/pp09966.pdf,http://patft.uspto.gov/netacgi/nph-Parser?patentnumber=PP9966,3,2015-04-21T14:42:14Z,chamelaucium (waxflower),,1997,PP09966 -- Chamelaucium (waxflower) plant named Blondie
954,"Jack, Brian et al.",Chamelaucium (waxflower) plant named Madonna,PLT/229,08/604156,PP09967,7/15/1997,http://www.lib.umd.edu/plantpatents/binaries/09900/pp09967.pdf,http://patft.uspto.gov/netacgi/nph-Parser?patentnumber=PP9967,3,2015-04-21T14:44:22Z,chamelaucium (waxflower),,1997,PP09967 -- Chamelaucium (waxflower) plant named Madonna
955,"Jessel, Jr., Walter H. et al.",Carnation plant variety named 'CFPC Ruri',PLT/279,08/627375,PP09968,7/15/1997,http://www.lib.umd.edu/plantpatents/binaries/09900/pp09968.pdf,http://patft.uspto.gov/netacgi/nph-Parser?patentnumber=PP9968,1,2015-04-21T14:44:44Z,carnation,,1997,PP09968 -- Carnation plant variety named 'CFPC Ruri'
956,"Cole, Douglas S.",Impatiens plant named 'Orange Ice',PLT/317,08/602565,PP09969,7/15/1997,http://www.lib.umd.edu/plantpatents/binaries/09900/pp09969.pdf,http://patft.uspto.gov/netacgi/nph-Parser?patentnumber=PP9969,1,2015-04-21T14:45:12Z,impatiens,,1997,PP09969 -- Impatiens plant named 'Orange Ice'
957,"Hofmann, Christa",Variety of geranium named 'Penve',PLT/326,08/536658,PP09970,7/15/1997,http://www.lib.umd.edu/plantpatents/binaries/09900/pp09970.pdf,http://patft.uspto.gov/netacgi/nph-Parser?patentnumber=PP9970,1,2015-04-21T14:45:44Z,geranium,,1997,PP09970 -- Variety of geranium named 'Penve'
958,"Hofmann, Christa",Variety of geranium named 'North Star',PLT/329,08/536703,PP09971,7/15/1997,http://www.lib.umd.edu/plantpatents/binaries/09900/pp09971.pdf,http://patft.uspto.gov/netacgi/nph-Parser?patentnumber=PP9971,1,2015-04-21T14:46:36Z,geranium,,1997,PP09971 -- Variety of geranium named 'North Star'
959,"Svejda, Felicitas J. et al.",Shrub rose plant named 'Royal Edward',PLT/107,08/662758,PP09972,7/22/1997,http://www.lib.umd.edu/plantpatents/binaries/09900/pp09972.pdf,http://patft.uspto.gov/netacgi/nph-Parser?patentnumber=PP9972,2,2015-04-21T14:47:22Z,rose,,1997,PP09972 -- Shrub rose plant named 'Royal Edward'
960,"Meilland, Alain A.",Miniature rose plant named 'Meikanrou',PLT/122,08/654260,PP09973,7/22/1997,http://www.lib.umd.edu/plantpatents/binaries/09900/pp09973.pdf,http://patft.uspto.gov/netacgi/nph-Parser?patentnumber=PP9973,1,2015-04-21T14:47:44Z,rose,,1997,PP09973 -- Miniature rose plant named 'Meikanrou'
961,"van der Meer, Peter Johannes Antonius",Hybrid tea rose plant named 'Selaurum',PLT/140,08/610396,PP09974,7/22/1997,http://www.lib.umd.edu/plantpatents/binaries/09900/pp09974.pdf,http://patft.uspto.gov/netacgi/nph-Parser?patentnumber=PP9974,2,2015-04-21T14:48:10Z,rose,,1997,PP09974 -- Hybrid tea rose plant named 'Selaurum'
962,"Anderson, Malcolm M.",Black currant plant named 'Ben Connan',PLT/156,08/651394,PP09975,7/22/1997,http://www.lib.umd.edu/plantpatents/binaries/09900/pp09975.pdf,http://patft.uspto.gov/netacgi/nph-Parser?patentnumber=PP9975,4,2015-04-21T14:48:38Z,black currant,,1997,PP09975 -- Black currant plant named 'Ben Connan'
963,"Porter, William Emme",Bermudagrass plant TDS-BM1,PLT/389,08/506921,PP09976,7/22/1997,http://www.lib.umd.edu/plantpatents/binaries/09900/pp09976.pdf,http://patft.uspto.gov/netacgi/nph-Parser?patentnumber=PP9976,2,2015-04-21T14:49:06Z,bermudagrass,"One color, one black&white",1997,PP09976 -- Bermudagrass plant TDS-BM1
964,"Meier, Virgil D. et al.",Ba 77-279 Kentucky Bluegrass,PLT/393,08/604763,PP09977,7/22/1997,http://www.lib.umd.edu/plantpatents/binaries/09900/pp09977.pdf,http://patft.uspto.gov/netacgi/nph-Parser?patentnumber=PP9977,1,2015-04-21T14:49:38Z,kentucky bluegrass,,1997,PP09977 -- Ba 77-279 Kentucky Bluegrass
965,"Svejda, Felicitas J. et al.",Shrub rose plant named 'Lambert Closse',PLT/107,08/662759,PP09978,7/29/1997,http://www.lib.umd.edu/plantpatents/binaries/09900/pp09978.pdf,http://patft.uspto.gov/netacgi/nph-Parser?patentnumber=PP9978,2,2015-04-21T14:50:22Z,rose,,1997,PP09978 -- Shrub rose plant named 'Lambert Closse'
966,"Meilland, Alain A.",Hybrid Tea rose plant named 'Meirokoi',PLT/130,08/662245,PP09979,7/29/1997,http://www.lib.umd.edu/plantpatents/binaries/09900/pp09979.pdf,http://patft.uspto.gov/netacgi/nph-Parser?patentnumber=PP9979,1,2015-04-21T14:50:42Z,rose,,1997,PP09979 -- Hybrid Tea rose plant named 'Meirokoi'
967,"Meilland, Alain A.",Floribunda rose plant named 'Meideauri',PLT/149,08/663737,PP09980,7/29/1997,http://www.lib.umd.edu/plantpatents/binaries/09900/pp09980.pdf,http://patft.uspto.gov/netacgi/nph-Parser?patentnumber=PP9980,1,2015-04-21T14:51:04Z,rose,,1997,PP09980 -- Floribunda rose plant named 'Meideauri'
968,"Blough, Robert L. et al.",Rhododendron plant named 'Purple Passion',PLT/238,08/651360,PP09981,7/29/1997,http://www.lib.umd.edu/plantpatents/binaries/09900/pp09981.pdf,http://patft.uspto.gov/netacgi/nph-Parser?patentnumber=PP9981,3,2015-04-21T14:51:30Z,rhododendron,,1997,PP09981 -- Rhododendron plant named 'Purple Passion'
969,"Corley, Will L.",Rhaphiolepis.times.delacourii Andre 'Georgia Charm',PLT/254,08/542632,PP09982,7/29/1997,http://www.lib.umd.edu/plantpatents/binaries/09900/pp09982.pdf,http://patft.uspto.gov/netacgi/nph-Parser?patentnumber=PP9982,1,2015-04-21T14:51:54Z,rhaphiolepis,,1997,PP09982 -- Rhaphiolepis.times.delacourii Andre 'Georgia Charm'
970,"Corley, Will L.",Rhaphiolepis delacourii 'Georgia Petite',PLT/254,08/542633,PP09983,7/29/1997,http://www.lib.umd.edu/plantpatents/binaries/09900/pp09983.pdf,http://patft.uspto.gov/netacgi/nph-Parser?patentnumber=PP9983,1,2015-04-21T14:52:14Z,rhaphiolepis,,1997,PP09983 -- Rhaphiolepis delacourii 'Georgia Petite'
971,"Dummen, Gunter",New Guinea Impatiens plant named Dueando,PLT/318.2,08/610295,PP09984,7/29/1997,http://www.lib.umd.edu/plantpatents/binaries/09900/pp09984.pdf,http://patft.uspto.gov/netacgi/nph-Parser?patentnumber=PP9984,1,2015-04-21T14:52:40Z,impatiens,,1997,PP09984 -- New Guinea Impatiens plant named Dueando
972,"Van Der Made, Taco",Antirrhinum plant named Layel,PLT/322,08/662195,PP09985,7/29/1997,http://www.lib.umd.edu/plantpatents/binaries/09900/pp09985.pdf,http://patft.uspto.gov/netacgi/nph-Parser?patentnumber=PP9985,3,2015-04-21T14:53:18Z,antirrhinum,,1997,PP09985 -- Antirrhinum plant named Layel
973,"Van Der Made, Taco",Antirrhinum plant named Lapur,PLT/322,08/663459,PP09986,7/29/1997,http://www.lib.umd.edu/plantpatents/binaries/09900/pp09986.pdf,http://patft.uspto.gov/netacgi/nph-Parser?patentnumber=PP9986,1,2015-04-21T14:53:42Z,antirrhinum,,1997,PP09986 -- Antirrhinum plant named Lapur
974,"Kawamoto, Hiromoto",Hybrid Tea rose plant named 'Kawamoblue',PLT/130,08/587764,PP09987,8/5/1997,http://www.lib.umd.edu/plantpatents/binaries/09900/pp09987.pdf,http://patft.uspto.gov/netacgi/nph-Parser?patentnumber=PP9987,1,2015-04-21T14:55:02Z,rose,,1997,PP09987 -- Hybrid Tea rose plant named 'Kawamoblue'
975,"McGourty, Mary Ann",Plant named 'Hillside Black Beauty',PLT/263.1,08/547709,PP09988,8/5/1997,http://www.lib.umd.edu/plantpatents/binaries/09900/pp09988.pdf,http://patft.uspto.gov/netacgi/nph-Parser?patentnumber=PP9988,1,2015-04-21T14:55:20Z,plant,,1997,PP09988 -- Plant named 'Hillside Black Beauty'
976,"Laming, Kenneth et al.",Poinsettia plant named 'Fissilver',PLT/307,08/601985,PP09989,8/5/1997,http://www.lib.umd.edu/plantpatents/binaries/09900/pp09989.pdf,http://patft.uspto.gov/netacgi/nph-Parser?patentnumber=PP9989,1,2015-04-21T14:55:46Z,poinsettia,,1997,PP09989 -- Poinsettia plant named 'Fissilver'
977,"Fruehwirth, Franz",Poinsettia plant named 'Variegated-Leaf Success',PLT/307,08/621002,PP09990,8/5/1997,http://www.lib.umd.edu/plantpatents/binaries/09900/pp09990.pdf,http://patft.uspto.gov/netacgi/nph-Parser?patentnumber=PP9990,2,2015-04-21T14:56:12Z,poinsettia,,1997,PP09990 -- Poinsettia plant named 'Variegated-Leaf Success'
978,"Kientzler, Ludwig",Impatiens plant named 'Dominica',PLT/318.6,08/620956,PP09991,8/5/1997,http://www.lib.umd.edu/plantpatents/binaries/09900/pp09991.pdf,http://patft.uspto.gov/netacgi/nph-Parser?patentnumber=PP9991,1,2015-04-21T14:56:38Z,impatiens,,1997,PP09991 -- Impatiens plant named 'Dominica'
979,"Kientzler, Ludwig",Impatiens plant named 'Anguilla',PLT/318.6,08/621216,PP09992,8/5/1997,http://www.lib.umd.edu/plantpatents/binaries/09900/pp09992.pdf,http://patft.uspto.gov/netacgi/nph-Parser?patentnumber=PP9992,1,2015-04-21T14:57:14Z,impatiens,,1997,PP09992 -- Impatiens plant named 'Anguilla'
980,"Lamb, Ann E. et al.",Aglaonema plant named 'Penny',PLT/376,08/614627,PP09993,8/5/1997,http://www.lib.umd.edu/plantpatents/binaries/09900/pp09993.pdf,http://patft.uspto.gov/netacgi/nph-Parser?patentnumber=PP9993,2,2015-04-21T14:58:32Z,aglaonema,,1997,PP09993 -- Aglaonema plant named 'Penny'
981,"Meilland, Alain A.",Climber rose plant named 'Meiroupis',PLT/114,08/706497,PP09994,8/12/1997,http://www.lib.umd.edu/plantpatents/binaries/09900/pp09994.pdf,http://patft.uspto.gov/netacgi/nph-Parser?patentnumber=PP9994,1,2015-04-22T16:33:28Z,rose,,1997,PP09994 -- Climber rose plant named 'Meiroupis'
982,"Svejda, Felicitas J. et al.",Climbing rose plant named 'Quadra',PLT/115,08/661097,PP09995,8/12/1997,http://www.lib.umd.edu/plantpatents/binaries/09900/pp09995.pdf,http://patft.uspto.gov/netacgi/nph-Parser?patentnumber=PP9995,2,2015-04-22T16:34:02Z,rose,,1997,PP09995 -- Climbing rose plant named 'Quadra'
983,"Olesen, Mogens N. et al.",Miniature rose plant named 'POULDEL',PLT/118,08/606895,PP09996,8/12/1997,http://www.lib.umd.edu/plantpatents/binaries/09900/pp09996.pdf,http://patft.uspto.gov/netacgi/nph-Parser?patentnumber=PP9996,1,2015-04-22T16:36:00Z,rose,,1997,PP09996 -- Miniature rose plant named 'POULDEL'
984,"Meilland, Alain A.",Hybrid tea rose plant named 'Meicofum',PLT/130,08/663738,PP09997,8/12/1997,http://www.lib.umd.edu/plantpatents/binaries/09900/pp09997.pdf,http://patft.uspto.gov/netacgi/nph-Parser?patentnumber=PP9997,1,2015-04-22T16:38:24Z,rose,,1997,PP09997 -- Hybrid tea rose plant named 'Meicofum'
985,"Meilland, Alain A.",Floribunda rose plant named 'Meioffic',PLT/141,08/706494,PP09998,8/12/1997,http://www.lib.umd.edu/plantpatents/binaries/09900/pp09998.pdf,http://patft.uspto.gov/netacgi/nph-Parser?patentnumber=PP9998,1,2015-04-22T16:40:28Z,rose,,1997,PP09998 -- Floribunda rose plant named 'Meioffic'
986,"Avila, Rosendo","Ilex plant variety named ""Mondo""",PLT/247,08/612818,PP09999,8/12/1997,http://www.lib.umd.edu/plantpatents/binaries/09900/pp09999.pdf,http://patft.uspto.gov/netacgi/nph-Parser?patentnumber=PP9999,1,2015-04-22T16:42:32Z,ilex,,1997,"PP09999 -- Ilex plant variety named ""Mondo"""
